examples/project/rasters/accumulations.asc
ncols	161
nrows	160
xllcorner	472594.4082732276
yllcorner	4607149.9041403374
cellsize	10.0000000000
NODATA_value	-1
[rows 0 to 72 of 160, columns 0 to 95 of 161]
-1 1 1 1 1 1 1 1 1 1 1 1 1 1 1 1 1 1 1 1 1 1 1 1 1 1 15 1 14 1 1 1 1 1 1 1 1 1 1 134 1 1 1 1 1 1 1 1 1 1 1 1 1 1 1 1 1 1 1 1 1 1 1 1 1 1 1 1 1 1 1 1 1 1 1 1 1 1 1 1 1 1 1 1 1 1 1 3 3 3 3 3 3 2 1 1
-1 1 1 1 1 1 1 1 1 3 2 1 1 3 2 1 1 1 1 1 9 8 1 1 1 7 6 1 2 11 2 1 1 3 4 5 6 16 127 5 1 1 2 1 1 1 1 1 1 1 1 1 1 1 1 1 1 1 1 1 4 3 2 1 1 1 1 1 1 1 1 1 1 1 1 1 1 1 1 1 1 1 1 1 1 1 23 20 19 11 8 2 1 1 1 1
-1 2 3 2 2 2 2 2 4 1 1 2 7 3 2 1 3 16 14 12 2 1 6 4 1 6 1 4 1 5 3 1 1 2 4 6 9 105 5 4 1 3 5 2 2 2 2 1 2 1 3 2 2 2 2 1 3 1 2 12 5 4 3 1 1 2 2 2 3 2 2 3 1 5 2 2 1 1 4 8 1 3 5 2 4 27 3 2 1 7 2 5 2 1 1 1
-1 3 6 3 3 3 3 5 2 2 11 8 2 1 1 1 22 2 1 2 1 1 2 1 1 1 4 2 1 1 3 1 1 1 1 2 104 2 2 3 4 11 6 6 3 3 2 1 1 4 4 3 5 1 3 2 4 1 16 5 4 3 1 1 1 2 3 3 6 3 3 12 7 1 1 5 1 1 1 1 9 10 11 6 34 7 6 5 4 3 6 1 2 1 1 3
-1 4 10 4 4 68 64 58 55 52 40 39 36 35 33 31 8 7 6 3 2 3 2 1 6 1 2 1 1 1 1 1 1 1 1 103 1 1 2 3 3 4 22 14 7 3 1 2 2 5 5 4 7 4 1 3 1 40 34 7 4 1 1 1 2 4 7 14 7 4 18 2 1 1 10 3 1 1 1 1 3 4 5 12 53 5 4 3 2 1 2 5 2 1 1 2
-1 15 105 100 95 26 25 5 4 3 2 1 8 7 6 5 4 3 2 1 18 14 11 10 3 4 1 1 1 1 1 1 2 5 98 4 1 1 2 2 3 1 2 39 1 1 2 3 3 6 6 12 5 2 4 44 42 1 4 1 2 2 1 1 2 3 1 2 24 23 2 1 1 14 2 1 1 1 3 2 3 4 5 11 74 8 7 6 5 4 3 1 2 1 1 1
-1 177 23 22 12 9 6 19 15 14 13 12 3 2 1 1 2 1 33 32 13 11 9 3 2 2 2 1 1 7 9 11 12 57 35 2 1 1 1 2 2 3 4 1 40 3 3 4 4 7 19 78 72 69 61 13 10 6 2 3 1 1 1 1 1 2 6 7 32 26 1 1 20 4 3 2 1 1 2 6 1 2 3 12 81 6 5 4 3 2 1 2 1 1 1 2
-1 25 8 3 9 2 2 5 3 2 1 1 1 1 5 3 1 41 7 6 5 1 1 5 1 1 1 1 3 1 2 3 32 12 34 2 1 1 1 1 2 3 4 5 2 44 1 8 5 27 79 3 2 1 3 3 2 3 3 1 1 1 2 1 2 3 4 6 8 67 2 2 25 4 3 2 1 1 2 3 10 11 12 97 7 6 5 4 3 2 1 2 1 1 2 2
-1 21 3 4 2 8 1 1 4 3 2 2 2 6 49 48 46 4 3 2 1 4 2 1 3 2 1 1 1 2 3 25 3 11 6 25 4 2 1 1 1 2 3 5 6 47 2 9 33 88 8 4 3 2 1 2 2 1 2 2 1 2 3 1 2 1 1 1 1 1 71 3 33 7 3 2 1 1 2 1 1 2 3 123 6 5 4 3 2 1 3 1 1 1 2 3
-1 18 2 2 3 1 7 6 5 4 3 3 7 50 9 8 7 6 5 4 3 1 1 3 2 1 1 1 1 2 19 2 2 10 5 13 7 2 1 1 1 2 3 4 6 54 3 10 126 4 3 2 1 3 2 1 1 1 1 1 1 2 6 2 1 3 3 1 1 1 73 43 6 1 3 2 1 1 2 3 5 6 10 129 5 4 3 2 1 4 2 1 1 2 4 3
-1 14 3 1 1 2 1 1 2 1 63 59 51 12 2 1 5 4 3 2 1 1 5 1 1 1 3 1 1 9 7 1 1 9 4 12 4 3 2 1 1 2 3 7 5 61 4 145 8 7 6 5 4 1 1 3 2 1 1 3 4 6 9 3 2 4 5 1 2 1 125 2 1 4 3 2 1 1 1 3 1 2 142 4 3 2 1 6 5 3 2 1 1 2 3 8
-1 12 1 2 1 6 5 3 1 64 1 16 15 2 1 6 1 1 1 1 1 6 1 2 2 4 1 2 1 6 5 1 1 8 3 11 2 1 2 1 1 2 3 4 8 67 150 4 3 2 1 1 2 2 4 1 1 1 1 1 2 3 19 1 6 10 1 2 3 134 1 6 5 4 3 2 1 1 2 2 4 5 152 2 1 8 7 8 7 3 2 2 1 1 3 4
-1 1 10 9 8 1 3 2 65 2 29 12 11 10 9 2 2 2 2 2 7 1 4 3 5 2 1 4 1 5 2 2 1 6 2 8 4 3 1 1 2 1 1 1 5 226 5 5 4 3 2 3 3 5 2 2 2 1 1 1 3 4 5 21 7 11 2 6 135 12 6 5 4 3 2 1 1 1 2 3 3 4 180 21 20 11 10 1 1 3 5 2 1 1 1 2
-1 1 3 2 1 4 1 66 3 32 2 1 2 1 4 3 3 3 3 8 1 6 4 6 3 2 5 3 1 4 1 1 1 3 1 2 1 1 1 2 2 3 2 2 2 237 9 3 2 1 1 7 6 3 3 8 5 3 1 1 1 2 3 9 29 12 9 150 14 1 11 9 3 2 1 1 1 2 2 3 4 5 203 22 21 20 19 18 16 12 6 5 3 1 1 3
-1 7 2 1 5 2 67 4 33 1 1 3 1 5 5 4 4 4 9 2 1 11 7 4 3 11 5 1 1 1 2 1 1 2 1 1 1 1 2 2 3 3 4 3 3 252 3 2 1 1 2 8 10 4 9 4 3 2 1 1 2 3 4 5 39 22 155 4 3 2 1 5 2 1 2 1 1 2 3 3 4 10 229 25 24 23 22 21 7 6 5 4 2 1 1 3
-1 9 1 6 3 68 39 34 2 2 4 2 6 6 1 5 5 10 3 2 12 1 12 4 12 4 3 2 1 1 1 1 1 2 1 1 3 1 2 3 3 4 4 5 4 259 3 2 1 1 4 9 15 10 5 3 2 1 1 1 1 2 3 1 68 163 7 6 3 1 1 2 1 1 1 3 2 2 3 4 4 244 15 14 13 12 11 5 13 9 5 2 1 1 2 1
-1 10 7 4 69 40 1 3 3 5 3 7 7 2 6 6 11 4 3 13 2 13 5 13 8 3 2 1 1 3 1 2 1 1 3 2 2 4 2 3 4 8 5 5 10 261 1 1 1 1 6 25 11 6 8 4 3 2 2 1 1 2 3 4 239 7 4 2 2 1 1 1 1 1 2 2 4 3 3 4 5 282 17 16 15 11 5 5 4 3 3 2 1 1 1 2
-1 23 5 70 41 2 4 4 6 4 8 8 3 7 7 12 5 4 14 3 14 6 26 12 3 2 1 2 1 4 4 1 1 2 2 6 9 12 5 3 7 8 17 23 39 262 2 1 1 3 7 37 19 12 3 2 1 3 2 1 1 1 1 247 2 1 2 1 1 1 1 2 2 2 2 3 3 5 4 4 5 293 10 9 5 3 5 4 4 3 2 2 1 1 2 3
-1 95 71 42 3 5 5 7 5 9 9 4 8 8 13 6 5 15 4 15 7 27 2 1 1 1 3 2 1 9 2 1 1 4 1 1 2 3 16 22 23 24 25 26 27 304 2 1 2 4 45 34 14 13 6 5 4 3 2 1 1 2 2 251 3 2 1 1 1 1 1 2 3 3 3 3 4 4 6 9 299 7 6 3 3 4 2 4 3 3 2 1 1 1 1 1
-1 143 47 4 1 11 8 6 10 10 5 9 9 14 7 6 16 5 16 36 28 6 3 2 2 4 3 2 1 10 4 1 1 7 1 3 4 16 19 22 26 31 36 42 48 380 3 2 3 50 40 5 4 3 6 5 4 3 2 1 1 2 3 259 2 1 1 1 2 1 2 2 3 4 4 8 4 5 5 315 10 2 1 2 2 2 3 1 3 2 2 1 1 1 2 2
-1 145 1 1 2 20 7 11 11 6 10 10 15 8 7 17 6 17 38 1 12 5 4 3 5 4 3 1 2 15 2 1 1 1 8 9 11 2 2 3 4 4 5 5 8 12 396 3 4 91 4 3 2 1 2 1 4 3 1 2 1 2 6 261 1 2 2 1 3 1 2 3 6 1 5 6 15 20 6 331 4 3 2 1 1 1 1 2 1 2 1 1 1 2 2 3
-1 146 1 2 3 21 19 12 7 11 11 16 9 8 18 7 18 54 15 14 1 1 7 6 5 4 2 3 1 18 2 2 1 1 2 1 1 1 2 3 3 4 4 7 3 4 8 405 99 5 4 3 2 1 1 5 4 1 2 1 3 2 270 4 3 3 1 2 4 1 2 6 7 1 2 3 4 5 26 352 10 9 8 7 6 5 4 3 2 1 1 1 1 2 3 3
-1 148 1 1 3 25 20 20 12 12 17 10 9 19 8 19 55 5 4 3 2 8 1 6 5 3 4 2 19 1 7 2 1 2 3 1 1 1 2 2 3 3 6 2 3 3 4 5 510 10 1 2 1 2 1 10 2 1 1 3 2 6 275 1 4 1 2 3 5 1 2 9 8 1 2 1 2 3 4 396 17 16 15 14 13 10 4 3 2 1 1 1 2 2 3 4
-1 150 1 1 2 29 21 33 13 18 11 10 20 9 20 56 8 2 1 1 9 2 7 6 4 5 3 20 2 8 1 2 1 3 5 2 1 1 1 2 2 5 1 2 2 3 3 4 5 530 3 4 3 2 1 13 2 1 1 2 4 9 277 5 2 1 3 4 6 2 1 12 9 1 2 3 1 2 1 410 9 8 7 6 3 2 5 2 1 1 1 2 2 3 3 8
-1 152 1 1 2 32 55 14 19 44 32 21 10 21 57 23 14 13 12 10 3 8 7 5 6 4 21 3 9 2 3 1 2 4 8 3 1 1 1 1 3 1 1 1 2 2 1 2 3 534 5 4 3 2 1 16 2 1 1 2 3 291 6 3 2 1 4 5 7 1 3 14 10 1 2 3 4 5 4 422 11 10 6 3 2 2 1 2 1 1 2 2 3 3 4 12
-1 153 1 2 2 35 70 187 167 122 121 120 109 87 29 5 4 3 2 1 12 8 6 7 5 22 14 10 3 4 2 1 1 23 8 4 3 1 1 2 1 2 1 1 1 1 2 3 4 539 10 1 3 2 1 19 2 1 1 2 3 301 9 5 2 1 5 6 8 1 2 18 11 1 2 3 4 1 432 5 4 3 3 2 2 1 1 1 1 1 2 3 3 4 4 17
-1 154 1 2 5 106 188 12 11 10 9 8 7 6 5 4 3 2 1 1 21 7 8 6 23 15 5 4 5 3 2 2 1 27 3 2 1 1 1 1 2 3 3 2 1 1 2 3 4 5 555 4 3 2 1 22 2 1 1 2 6 311 3 2 1 2 6 7 9 1 2 21 12 1 2 3 4 5 444 5 4 3 2 2 1 1 1 1 3 1 2 3 4 4 5 27
-1 1 155 2 8 295 26 13 12 11 10 9 8 7 6 5 4 3 2 1 22 16 7 24 22 6 11 10 4 3 3 2 1 28 2 1 2 1 1 2 1 2 6 4 7 9 10 11 12 13 578 4 3 2 1 25 2 1 1 2 320 7 3 2 1 1 3 14 10 1 2 24 13 1 2 3 4 454 6 5 4 3 2 1 1 1 1 2 5 2 1 6 1 5 10 46
1 1 157 3 9 352 30 28 9 8 7 6 5 4 3 2 1 1 2 1 23 24 25 36 13 12 6 5 4 1 6 2 29 3 1 3 2 1 1 2 3 4 5 12 13 14 15 16 17 18 597 4 3 2 26 3 2 1 1 4 328 3 2 1 1 1 2 18 11 2 3 25 14 1 2 3 4 470 5 4 3 2 2 1 1 1 2 2 8 3 2 7 1 2 3 50
1 1 159 13 353 2 1 1 18 16 14 12 4 3 2 1 2 3 2 1 24 50 37 2 1 7 2 1 1 8 33 30 4 2 1 6 2 1 1 2 5 6 7 8 11 14 17 18 19 20 21 605 3 27 4 3 2 1 1 6 335 3 2 1 1 2 2 21 12 3 4 26 15 1 2 3 495 17 7 6 5 2 1 1 1 2 2 3 11 4 3 8 2 1 2 51
1 2 160 367 7 4 3 2 1 1 1 1 7 5 4 3 4 3 1 2 75 38 3 9 8 3 1 2 1 42 1 5 3 2 7 3 2 1 1 2 1 2 1 2 2 2 9 10 11 12 13 640 31 5 4 3 2 1 1 343 4 3 2 1 1 3 6 3 22 13 8 27 16 1 2 501 5 4 9 3 2 2 1 1 1 2 3 3 15 20 24 35 1 1 4 52
3 1 528 17 9 8 7 6 5 4 3 2 1 1 1 9 4 1 2 3 114 4 10 1 4 2 3 2 1 44 6 7 3 8 1 6 2 1 2 1 3 1 4 1 1 8 2 6 7 8 9 10 677 5 4 3 2 1 1 349 3 2 1 1 1 2 3 10 4 23 14 9 28 17 4 516 9 4 3 5 2 1 1 1 2 4 3 10 11 12 13 14 51 52 53 110
5 1 571 25 24 20 7 6 5 4 3 2 1 2 10 1 1 2 3 155 37 32 20 5 7 4 3 1 2 51 8 1 1 10 1 9 2 1 1 4 1 4 1 6 7 1 3 2 8 9 10 11 693 5 4 5 2 1 2 353 1 1 2 1 1 2 4 5 16 5 24 15 10 46 530 9 4 4 3 2 2 1 1 1 2 3 5 6 7 8 9 10 11 12 13 14
589 584 12 11 7 3 12 6 2 1 1 1 3 11 1 2 2 3 159 1 1 1 1 13 5 4 1 2 3 60 2 2 1 11 2 10 4 1 2 5 1 2 5 1 1 2 1 5 2 3 4 5 715 5 10 4 3 1 1 359 2 3 2 1 1 1 1 2 3 17 6 25 16 599 11 5 4 3 3 2 1 1 1 2 4 5 9 10 11 12 13 14 15 16 17 18
617 8 7 6 3 6 2 5 3 2 2 4 12 1 2 3 3 163 2 2 3 1 1 1 1 1 2 1 6 63 5 2 1 12 3 11 6 3 1 6 1 4 6 1 2 3 4 1 1 2 3 4 720 16 4 3 2 1 1 362 4 3 2 1 2 1 1 2 3 7 18 7 642 1 1 5 4 3 2 2 1 1 2 2 3 4 1 2 3 4 5 6 7 8 9 10
21 11 7 3 5 2 5 1 4 3 1 5 13 2 3 4 4 166 7 4 1 2 2 1 2 1 2 4 70 6 1 3 1 13 4 12 10 1 2 7 1 6 7 1 2 1 1 2 3 4 5 6 7 741 1 3 2 1 1 2 370 3 2 3 2 1 1 2 3 4 8 676 7 6 5 4 4 3 2 1 1 1 2 3 4 5 10 11 12 13 14 15 16 17 18 19
10 3 3 3 2 4 1 4 3 2 1 6 14 3 4 5 171 19 11 10 8 5 2 1 1 3 2 7 77 2 4 1 1 14 5 13 16 4 1 8 1 2 14 1 2 3 2 1 2 3 4 5 6 760 4 3 2 1 1 2 375 6 4 3 2 1 1 1 2 3 5 695 6 5 4 3 3 3 2 1 1 2 5 1 2 3 4 5 6 7 8 9 10 11 12 13
7 3 2 2 2 1 3 2 1 1 1 2 21 4 5 177 29 9 8 6 4 2 1 1 2 2 4 10 80 5 2 1 2 15 19 17 1 1 1 9 1 4 15 1 3 6 10 3 1 2 3 4 5 766 4 3 2 1 1 1 2 386 4 3 2 1 1 2 3 4 4 700 4 3 2 1 2 2 2 1 1 2 3 12 13 14 18 19 20 21 22 23 42 43 44 45
2 2 2 1 1 1 1 1 1 1 2 2 24 5 183 35 5 4 1 1 1 1 1 1 2 3 3 95 6 5 2 1 3 16 37 2 2 2 1 1 11 20 1 1 1 1 1 12 16 17 18 19 20 787 12 4 3 2 1 1 2 391 8 6 3 1 1 2 3 4 709 6 5 4 3 2 1 1 1 1 1 2 3 1 2 3 3 5 6 12 16 18 2 4 6 8
1 1 1 1 1 2 2 1 1 2 2 3 27 189 39 3 2 1 2 1 1 1 1 2 2 3 4 105 6 1 1 1 2 20 40 3 3 1 2 2 12 21 2 1 2 4 6 1 1 1 1 1 2 3 800 1 1 2 1 1 2 392 18 3 2 1 1 2 3 1 729 8 7 6 5 4 3 2 1 1 1 2 1 1 1 2 1 1 3 2 3 1 1 1 1 1
2 1 1 1 2 3 3 2 2 1 3 6 28 234 5 4 3 2 1 2 1 2 1 2 3 3 4 116 2 2 1 1 2 23 44 4 2 3 1 3 13 22 3 1 2 1 2 9 11 13 16 1 1 1 807 2 3 2 1 1 1 413 4 3 2 1 1 2 3 4 741 7 6 5 4 3 2 1 1 2 1 2 4 1 2 1 1 1 1 1 1 1 1 1 1 1
4 2 1 2 3 4 4 3 3 2 4 7 271 8 7 6 5 4 3 1 2 1 3 2 3 4 8 119 3 2 1 1 2 70 5 3 4 2 1 1 17 23 4 1 2 3 4 5 6 7 8 25 28 2 817 9 5 2 1 1 2 419 3 2 1 1 1 2 1 4 749 7 6 5 4 3 2 1 2 3 1 2 7 2 3 2 2 2 2 1 1 2 1 4 1 4
4 1 1 2 6 5 5 4 4 3 5 279 7 6 5 4 3 2 1 2 3 1 2 4 3 4 13 123 3 2 1 1 2 78 4 5 3 2 1 1 19 28 1 1 2 3 4 5 6 7 8 9 10 848 1 1 1 1 2 2 3 428 3 2 1 1 2 2 3 768 10 9 8 7 6 5 4 3 4 1 1 2 5 10 4 10 1 7 2 1 1 3 6 7 12 18
5 1 1 2 9 6 6 5 5 4 314 29 21 17 6 3 2 1 1 3 4 1 2 5 10 14 18 127 3 2 1 1 4 83 13 7 3 1 2 1 21 30 2 1 1 3 4 5 6 7 8 9 10 860 2 2 2 1 1 8 430 1 2 1 1 1 2 3 3 789 20 19 10 9 8 7 6 5 2 1 1 2 3 19 1 11 12 4 3 2 1 1 1 2 6 25
6 1 2 3 10 7 7 6 343 333 13 9 3 3 10 2 1 2 4 1 5 1 2 3 4 5 15 149 3 2 1 1 6 101 4 3 2 1 3 1 23 33 2 1 1 2 3 4 5 6 7 8 9 873 3 3 2 1 2 444 3 2 1 1 1 3 1 3 829 33 2 1 8 7 6 5 4 3 2 1 1 2 3 4 20 25 1 1 1 1 1 1 2 3 2 3
7 1 3 4 11 379 364 357 9 4 5 3 5 2 2 9 8 5 1 2 1 6 2 3 4 5 11 168 3 1 2 1 109 5 4 3 2 1 1 5 57 3 2 1 1 2 3 4 5 6 7 8 9 892 7 457 454 453 448 2 2 1 1 1 2 2 5 835 2 1 29 20 18 12 9 6 4 3 1 2 1 2 3 5 1 47 2 3 4 2 1 1 1 1 1 2
8 1 4 5 408 17 16 11 4 4 3 4 2 4 1 1 1 1 1 2 3 2 7 8 9 10 11 183 1 2 3 2 116 1 4 3 2 1 2 6 61 3 2 2 1 1 2 3 4 5 6 7 8 908 461 3 2 1 1 1 1 1 1 2 2 5 861 2 1 1 4 4 1 5 2 2 1 1 2 3 1 1 2 9 1 2 52 10 1 2 1 2 1 2 1 1
9 1 440 435 16 10 4 4 10 3 3 2 3 1 3 2 1 2 1 2 3 4 3 1 2 3 4 199 2 3 4 119 1 5 2 1 1 1 4 7 65 6 3 2 1 1 2 3 4 5 6 7 8 1378 6 5 4 3 2 1 1 1 2 2 5 879 1 18 13 8 4 3 3 2 2 1 1 2 3 5 1 1 4 10 1 2 1 63 4 2 1 4 1 1 3 2
501 464 12 5 5 5 5 3 3 9 2 2 1 2 1 2 1 1 3 2 3 4 5 4 5 6 7 8 202 4 124 2 6 3 3 2 1 1 6 73 13 6 5 2 1 1 1 2 3 4 5 6 7 1392 1 1 3 2 1 1 1 2 2 5 886 1 11 5 4 4 3 3 2 2 1 1 1 3 9 1 2 1 5 12 1 1 1 3 70 2 1 6 1 1 2 4
28 1 11 6 4 4 4 4 2 2 8 1 1 4 3 1 1 2 2 4 3 4 5 6 1 2 3 4 13 207 127 7 4 4 1 1 2 2 7 92 5 4 3 2 1 1 2 1 2 3 4 5 6 1399 3 4 1 1 1 1 2 2 5 909 17 11 5 5 4 3 3 2 2 1 1 1 1 5 11 1 1 5 20 2 1 1 2 1 74 4 1 8 1 1 2 5
22 5 6 4 5 3 3 3 3 1 1 7 6 1 2 1 1 2 3 3 5 4 5 6 7 1 2 3 4 18 342 5 5 2 2 1 3 3 100 6 5 4 3 2 1 1 2 3 4 5 6 7 8 9 1407 2 2 2 1 1 2 5 927 12 6 5 5 4 4 3 2 2 1 1 1 2 2 6 13 1 1 30 4 3 1 1 5 7 75 19 14 12 1 1 2 3
18 4 4 5 3 4 2 2 2 2 1 1 4 3 2 1 1 2 3 4 4 6 5 6 7 8 9 10 11 12 361 11 3 3 2 1 4 104 11 4 3 2 1 1 2 1 2 3 1 2 3 4 5 6 1419 3 3 1 2 1 9 1 941 8 5 5 4 4 3 3 2 1 1 1 1 4 3 7 15 2 34 3 2 1 1 1 2 3 105 1 2 1 1 1 2 1
15 3 3 3 4 2 3 1 1 1 1 6 1 3 1 2 1 2 3 4 5 5 7 6 14 1 1 2 3 4 378 15 4 3 2 1 109 18 6 5 4 3 2 1 1 3 2 3 4 1 2 3 4 5 1438 4 2 1 1 14 1 951 8 5 7 4 4 3 3 2 2 1 1 1 2 6 4 23 38 35 1 1 1 1 1 1 1 1 1 109 1 1 1 1 2 3
13 2 2 2 2 3 1 2 1 1 2 7 5 2 1 1 3 2 3 4 5 6 6 8 7 16 1 1 2 3 4 398 4 3 1 2 135 7 6 5 4 3 2 1 1 2 4 3 4 5 1 2 3 4 1443 3 1 2 1 1 985 13 5 7 4 6 3 3 2 2 1 1 1 2 2 9 5 62 2 1 1 3 2 2 2 2 2 2 2 110 2 2 1 2 4 7
9 4 1 1 1 1 2 1 2 1 3 8 8 1 2 1 2 4 3 4 5 6 13 7 9 24 2 1 1 1 1 407 4 2 1 144 6 5 4 3 2 1 1 1 2 2 3 5 4 10 1 1 1 2 3 1448 3 1 2 993 6 5 7 4 6 3 5 2 2 1 1 1 1 2 3 12 68 3 2 1 1 8 1 5 1 1 3 5 113 7 4 1 1 4 6 7
9 1 3 2 1 1 1 1 4 1 4 9 9 2 3 1 2 3 5 4 5 6 7 21 29 34 3 1 2 2 2 413 3 2 153 8 7 6 5 4 3 2 1 1 2 3 3 4 10 11 2 1 2 1 2 1458 1 2 1006 10 5 5 4 6 3 5 2 4 1 1 1 1 2 2 3 16 72 6 3 2 1 1 15 2 1 1 2 9 121 1 2 1 1 1 2 4
8 7 6 5 4 2 1 2 6 1 5 10 10 3 4 1 2 3 7 6 5 6 1 1 2 32 38 1 2 3 3 419 164 161 7 6 5 4 3 2 1 1 1 2 2 3 4 4 5 22 3 1 2 3 1 1460 3 1016 9 4 4 4 4 3 5 2 4 1 3 2 1 1 2 5 3 92 7 4 3 2 1 1 2 18 2 2 3 131 2 3 1 1 1 1 1 1
9 3 2 1 2 1 1 10 2 1 6 11 11 4 1 5 2 5 6 14 21 6 7 2 1 1 33 39 2 3 4 591 8 7 6 5 4 3 2 1 1 2 1 2 3 3 4 5 5 28 4 2 5 1 4 2488 1024 7 4 4 3 3 3 3 2 4 1 3 2 1 1 2 4 5 11 103 5 1 2 1 1 1 2 3 21 3 4 134 4 2 2 2 1 1 1 2
6 5 4 3 1 1 1 14 1 1 8 12 12 5 2 1 6 1 2 3 4 26 7 8 3 2 2 34 40 3 4 609 9 8 7 6 5 4 3 2 1 3 1 2 3 7 4 5 6 34 5 1 1 6 6 2491 2 1 2 3 3 2 2 2 2 1 3 2 1 2 1 1 3 4 5 120 2 3 3 2 1 1 2 3 4 25 139 5 3 3 3 1 3 1 1 2
5 4 3 2 1 1 3 16 1 1 2 21 13 6 3 1 2 7 8 13 16 17 44 52 9 4 3 3 35 41 8 617 7 6 5 4 3 2 1 1 2 4 1 2 3 1 8 5 6 52 1 1 2 14 2535 4 3 2 1 1 2 2 1 1 1 1 1 4 3 2 1 1 1 2 3 131 4 7 3 2 1 1 2 3 4 30 145 4 4 4 2 4 2 1 1 1
7 2 1 2 1 1 5 17 2 1 2 24 20 4 1 1 2 3 4 2 2 5 6 7 60 70 5 4 4 36 50 624 6 5 4 3 2 1 2 1 3 5 1 2 3 4 2 16 1 1 53 2 18 2543 1 39 5 4 3 2 1 1 1 1 1 2 5 1 5 2 1 1 1 2 3 135 16 4 3 2 1 1 2 6 5 176 5 5 5 3 5 3 2 1 1 2
5 4 3 2 1 1 7 18 1 3 2 3 45 6 2 1 1 3 1 1 2 2 3 4 5 6 77 83 5 5 711 9 8 7 6 5 4 3 1 2 4 6 1 2 3 7 12 1 17 2 2 74 2545 1 6 3 33 5 4 3 2 1 2 2 3 6 2 6 1 1 3 1 1 1 1 136 20 3 2 1 1 3 2 9 6 188 6 26 20 16 10 6 3 1 2 3
6 1 3 2 1 2 8 19 1 2 4 3 49 9 2 1 2 4 1 1 1 1 2 3 4 5 6 7 91 6 732 6 5 4 3 2 1 1 2 3 5 7 1 2 3 1 1 13 2 18 79 2550 4 3 2 2 2 27 25 19 18 17 14 11 7 3 7 2 1 2 4 2 1 2 2 158 4 3 2 1 1 2 6 3 204 1 27 1 6 5 4 3 2 1 1 2
10 4 3 1 2 3 9 20 1 2 5 5 53 12 2 3 1 1 5 2 1 2 3 4 5 6 7 8 9 92 745 6 5 4 3 2 1 1 2 6 6 8 1 4 1 4 2 2 14 2661 2561 4 3 2 1 1 1 1 1 5 4 3 2 1 4 8 1 3 2 3 5 3 1 2 5 167 4 3 2 1 1 2 3 10 209 28 2 7 5 4 3 2 1 1 1 1
10 4 2 1 3 4 10 1 21 2 1 6 59 15 4 2 1 1 2 6 3 1 2 3 4 5 6 7 8 10 844 6 5 4 3 2 1 1 2 3 13 10 1 1 5 2 5 5 3094 418 413 6 5 4 3 2 1 1 1 1 1 1 1 1 5 9 2 4 3 4 6 4 2 3 187 14 9 6 3 1 1 2 3 4 248 3 24 16 10 9 7 5 4 2 1 1
14 3 2 1 4 5 1 11 2 22 3 2 66 20 3 2 1 1 2 3 7 4 1 1 2 3 4 5 6 25 850 5 4 3 2 1 1 1 2 3 30 1 2 1 2 6 8 3109 9 1 4 412 401 3 2 1 2 2 2 2 2 2 1 2 6 10 3 5 4 5 7 5 206 200 8 4 4 2 2 1 1 2 3 4 253 28 4 3 2 1 1 1 1 2 1 1
17 3 2 1 5 6 1 2 12 3 23 4 69 24 3 2 2 1 1 3 4 8 5 2 1 1 2 3 1 27 855 4 3 2 1 1 1 2 4 1 1 32 3 2 1 9 3126 8 1 7 2 3 10 397 394 390 9 6 3 3 3 1 2 3 7 11 4 6 248 243 230 220 9 4 4 3 3 3 1 1 1 2 3 4 286 5 4 3 2 1 1 1 2 4 1 2
20 3 2 1 6 7 1 2 3 13 4 28 74 28 3 3 2 1 1 2 6 11 9 6 3 2 1 1 5 33 858 2 1 1 1 2 2 3 1 5 3 33 4 1 4 3142 5 1 6 3 4 1 2 9 2 3 378 374 369 359 6 4 3 313 302 290 281 271 14 9 4 4 4 4 3 3 2 2 2 1 1 1 2 1 296 8 3 2 1 2 1 2 7 2 3 1
20 6 2 1 7 1 8 2 3 4 18 19 29 106 4 3 2 1 1 2 3 4 16 10 7 4 3 2 3 37 862 3 2 1 2 3 6 1 1 2 9 34 5 2 3531 1 1 3 2 2 2 3 1 5 3 1 2 3 4 6 349 344 334 16 11 6 4 3 8 4 4 3 3 3 3 2 2 1 1 1 1 3 4 7 306 1 1 1 3 1 2 3 10 4 2 1
20 9 1 2 8 1 2 9 3 7 8 9 20 140 4 3 2 1 2 1 2 3 4 21 32 8 5 9 10 48 864 1 2 1 6 1 1 8 2 3 1 44 3564 3556 23 383 3 2 1 1 1 1 2 2 2 2 1 2 3 2 3 4 9 4 4 4 5 3 2 7 3 3 2 2 2 2 1 1 1 1 3 4 5 6 315 2 2 4 2 3 4 11 5 3 2 1
20 11 1 1 3 9 2 3 10 11 12 13 23 165 4 3 2 1 3 1 1 2 3 4 5 38 9 10 11 60 865 3 1 8 1 2 2 9 3 4 3622 3620 9 7 1 22 379 5 4 3 2 1 1 1 1 1 1 1 2 1 2 3 3 5 3 3 3 4 2 1 6 2 2 1 1 1 1 1 2 1 2 3 4 5 327 5 5 3 4 5 12 6 4 3 2 1
20 13 1 1 5 1 10 3 4 5 6 7 8 189 8 3 1 2 4 2 1 1 2 3 4 5 44 45 46 47 929 3 1 1 10 3 3 10 4 3638 8 5 2 1 6 7 14 373 3 2 1 2 1 1 1 1 1 1 1 1 1 2 2 2 2 2 2 2 3 1 3 2 1 1 1 1 1 2 3 1 2 3 4 5 6 338 4 5 6 13 7 5 4 3 2 1
20 14 2 1 7 1 2 11 4 5 6 7 8 17 198 4 2 3 5 3 2 1 1 2 3 4 5 6 7 8 988 1 1 2 11 4 4 3670 3650 6 3 2 4 1 5 6 6 7 369 357 7 4 2 2 2 2 2 2 1 1 1 1 1 1 1 1 1 1 1 2 1 1 1 2 2 2 3 4 1 1 2 3 4 9 10 355 10 7 14 8 6 5 4 3 2 1
