examples/project/rasters/elevations.asc
ncols	161
nrows	160
xllcorner	472594.4082732276
yllcorner	4607149.9041403374
cellsize	10.0000000000
NODATA_value	-9999.0000000000
[rows 132 to 153 of 160, columns 48 to 95 of 161]
282.5051900000 282.5246300000 282.0308800000 281.5215800000 281.4043900000 281.7448700000 282.2327900000 282.9178200000 283.5515100000 283.9870900000 284.2196700000 284.3930700000 284.5036300000 284.5987500000 284.6344600000 284.6370800000 284.6395300000 284.6025700000 284.5986000000 284.5791600000 284.5250500000 284.3963000000 284.2330000000 284.0731800000 283.8796100000 283.7057200000 283.4982300000 283.2545200000 282.9287700000 282.5700400000 282.2424000000 281.9357300000 281.2923300000 280.5729100000 279.8833300000 279.0541400000 278.2045600000 277.4153100000 276.7171600000 276.3069200000 276.2814000000 276.6213700000 276.9223600000 277.1307700000 277.2495700000 277.4385400000 277.7246100000 278.1695300000
282.0381500000 282.0081500000 281.5753500000 281.1453600000 281.1583300000 281.5281400000 282.0408600000 282.7517100000 283.3600500000 283.7593400000 283.9954200000 284.1723600000 284.2919600000 284.3972800000 284.4390600000 284.4606600000 284.4764400000 284.4637800000 284.4303900000 284.4418900000 284.3706100000 284.2207000000 284.0482800000 283.8113100000 283.5928000000 283.3908400000 283.1831100000 282.9617900000 282.6844800000 282.3674300000 282.0529500000 281.7304700000 281.1085500000 280.3829300000 279.6634500000 278.8322100000 278.0309800000 277.2603100000 276.6108400000 276.1637600000 276.0961300000 276.3355700000 276.5518800000 276.7185400000 277.0003100000 277.3931000000 277.7874500000 278.3078000000
281.4226100000 281.3742100000 281.0481300000 280.7930000000 280.9445500000 281.3001700000 281.8056900000 282.5012200000 283.0818800000 283.4564800000 283.7019700000 283.9002400000 284.0216400000 284.1434000000 284.2287300000 284.2825000000 284.3092300000 284.3100600000 284.2855200000 284.2706300000 284.1987600000 284.0196200000 283.7798500000 283.5001800000 283.1938500000 282.9351500000 282.7115500000 282.4839200000 282.2354400000 281.9795500000 281.7236600000 281.3916300000 280.8435700000 280.2012300000 279.4188200000 278.6049200000 277.8276700000 277.1186500000 276.4729300000 276.0362200000 276.0410200000 276.2097500000 276.3460700000 276.6289700000 277.0997000000 277.5409500000 277.9986600000 278.4880400000
280.8613600000 280.7764000000 280.6073600000 280.4881900000 280.7479900000 281.1193800000 281.6328700000 282.3019100000 282.8245800000 283.1834400000 283.4267600000 283.6462100000 283.7930300000 283.9409500000 284.0519400000 284.1244500000 284.1791700000 284.1926900000 284.1870700000 284.1617700000 284.0823400000 283.8913600000 283.5757800000 283.1595800000 282.7531400000 282.3998100000 282.1252100000 281.8885200000 281.6523400000 281.4459500000 281.2378800000 280.9177900000 280.4868500000 279.9993600000 279.2937300000 278.4553500000 277.6900900000 276.9649000000 276.3834200000 275.9384800000 276.0082100000 276.1500900000 276.2668800000 276.6735200000 277.2227800000 277.7431300000 278.2274500000 278.7100800000
280.3224800000 280.2841500000 280.2482900000 280.2221700000 280.5327500000 280.9036900000 281.4168100000 282.0444900000 282.4924000000 282.8395400000 283.0931100000 283.3175000000 283.4881900000 283.6766100000 283.8197600000 283.9357900000 284.0297900000 284.0742200000 284.0748000000 284.0632300000 283.9840400000 283.7673300000 283.3835400000 282.8525100000 282.2443200000 281.7843900000 281.4305400000 281.1287500000 280.9344500000 280.7531700000 280.5367100000 280.2345600000 279.9707600000 279.6525600000 279.0601200000 278.3010300000 277.5379300000 276.8445400000 276.2643100000 275.8060900000 275.8917200000 275.9704600000 276.3053600000 276.8407900000 277.4016400000 277.9473600000 278.4818400000 279.0411100000
279.8768000000 279.9310000000 279.9238000000 280.0158400000 280.3148500000 280.6688200000 281.1677200000 281.7312600000 282.1730700000 282.5190400000 282.7800300000 282.9763200000 283.1161200000 283.3205900000 283.5302700000 283.7128900000 283.8536100000 283.9176600000 283.9378400000 283.9379300000 283.8668500000 283.6697700000 283.2769500000 282.7057800000 282.0199000000 281.3828700000 280.8776600000 280.4486700000 280.2369100000 280.0694300000 279.8529400000 279.6029400000 279.3857400000 279.0910000000 278.6546900000 278.0224000000 277.3223300000 276.6476700000 276.0835000000 275.7013900000 275.6982100000 275.9571800000 276.4854700000 277.0899700000 277.6568000000 278.2279700000 278.8126200000 279.4659100000
279.5363500000 279.6292700000 279.6162400000 279.7504900000 280.0423900000 280.3963300000 280.8669700000 281.3609900000 281.8152200000 282.1956500000 282.4436600000 282.5475800000 282.6510600000 282.9282500000 283.2003800000 283.4634400000 283.6470300000 283.7423100000 283.7879000000 283.8133900000 283.7851000000 283.6272900000 283.3388400000 282.8692300000 282.2588800000 281.5772700000 280.8799700000 280.2606800000 279.8353600000 279.5856000000 279.3607200000 279.1661400000 278.8872400000 278.5550200000 278.1265600000 277.5914000000 277.0052200000 276.3694200000 275.9235800000 275.6001000000 275.6430400000 276.0557900000 276.6688800000 277.3314800000 277.9433000000 278.5529500000 279.2016300000 279.8694200000
279.1534400000 279.2633700000 279.2547600000 279.4444900000 279.7469200000 280.0596000000 280.4411000000 280.9325300000 281.4429600000 281.8514700000 282.0216700000 282.0404700000 282.1726400000 282.4639300000 282.7930900000 283.0902700000 283.3244900000 283.4893500000 283.5909400000 283.6574700000 283.6299700000 283.5377500000 283.3197300000 282.9817800000 282.4600200000 281.8450300000 281.1680900000 280.4516600000 279.8192400000 279.3875400000 279.1046800000 278.8765600000 278.4879200000 278.0157800000 277.5442500000 277.1199600000 276.6723000000 276.1669000000 275.8246500000 275.4706100000 275.6671800000 276.1508500000 276.7490200000 277.4269100000 278.1028400000 278.7316900000 279.3572400000 279.9575800000
278.6511500000 278.7461900000 278.7720600000 279.0905800000 279.3971300000 279.7160900000 280.1047100000 280.6340000000 281.1591200000 281.4982000000 281.5262500000 281.4568500000 281.6093400000 281.9801600000 282.3675500000 282.7148100000 282.9997900000 283.2349500000 283.4063400000 283.5232500000 283.5110200000 283.4544400000 283.3366700000 283.1015000000 282.7370600000 282.2080400000 281.5553300000 280.8167100000 280.0593300000 279.4253500000 278.9941400000 278.7616600000 278.4241600000 277.9563000000 277.4398800000 276.8916300000 276.4018900000 275.8968800000 275.5438500000 275.1463300000 275.5239000000 276.1842700000 276.8211700000 277.4126900000 278.0522200000 278.6449300000 279.2082800000 279.7221700000
278.1906400000 278.2055100000 278.3668800000 278.7266200000 279.0130300000 279.3801000000 279.8302300000 280.3952000000 280.8682600000 281.0373800000 280.8493000000 280.7244900000 280.9971000000 281.4624600000 281.8825100000 282.2551000000 282.6659500000 282.9988700000 283.2168900000 283.3608100000 283.3896500000 283.3610200000 283.3091100000 283.1705300000 282.9119000000 282.5548100000 282.0328400000 281.3345300000 280.5082400000 279.6902200000 279.0275300000 278.7059900000 278.4282200000 277.9625500000 277.2436500000 276.5728800000 276.0317100000 275.4773600000 275.1820100000 275.0320100000 275.4594100000 276.0605800000 276.6914700000 277.1923800000 277.7715500000 278.2904700000 278.7900400000 279.2508900000
277.7914400000 277.8181200000 278.0845300000 278.4066200000 278.7162200000 279.1188700000 279.6004000000 280.1593600000 280.5351600000 280.5267300000 280.2062700000 280.1037000000 280.4527600000 280.9206200000 281.3492100000 281.8470800000 282.3958700000 282.8355100000 283.0628700000 283.2215300000 283.2699900000 283.2702900000 283.2441400000 283.1607400000 283.0200800000 282.7478600000 282.3194600000 281.7177700000 280.9266700000 279.9722900000 279.1036100000 278.6508800000 278.2704800000 277.8075000000 277.1482500000 276.3214100000 275.7540000000 275.3793900000 274.9583400000 274.9231000000 275.5094300000 276.1027500000 276.7170400000 277.0844100000 277.4746400000 277.8949300000 278.3884900000 278.9181200000
277.4118700000 277.4923400000 277.7983400000 278.0729100000 278.4059100000 278.8196700000 279.3143000000 279.8009600000 280.0697300000 279.9396400000 279.5949100000 279.5879500000 279.9229400000 280.3559000000 280.8869900000 281.5665300000 282.2173200000 282.6790200000 282.9367100000 283.0949700000 283.1524000000 283.1732800000 283.1665300000 283.1202400000 282.9991500000 282.7804300000 282.4069800000 281.8275100000 281.0142500000 279.9804100000 279.1204500000 278.6303700000 278.1078200000 277.5531300000 276.9184900000 276.1478900000 275.5559400000 275.2982500000 274.8440900000 274.8825400000 275.4931000000 276.1240200000 276.7061200000 277.1036400000 277.5846900000 278.0730000000 278.5896600000 279.1441700000
277.0618300000 277.1744700000 277.4626200000 277.7229300000 278.0546300000 278.4469900000 278.9159900000 279.3079800000 279.4464700000 279.2875400000 279.0630800000 279.1649500000 279.5400700000 280.1058000000 280.7956200000 281.5148300000 282.1545100000 282.5736400000 282.8066400000 282.9765600000 283.0653700000 283.0957000000 283.1134900000 283.0805700000 282.9590500000 282.7119800000 282.2674000000 281.6013200000 280.7763100000 279.9429900000 279.2192400000 278.6169100000 277.9792800000 277.3137200000 276.5661300000 275.8907500000 275.3388400000 275.1319900000 274.6903400000 274.6929000000 275.4204700000 276.1213400000 276.7449600000 277.3320600000 277.9305100000 278.4794600000 278.9995400000 279.5406200000
276.7283300000 276.8160400000 277.0798300000 277.3680400000 277.6746800000 277.9696700000 278.3574500000 278.6489300000 278.7288500000 278.6615000000 278.6240800000 278.8780800000 279.3860200000 280.0486100000 280.8230900000 281.5182800000 282.0677800000 282.3931600000 282.5994300000 282.7696200000 282.8852500000 282.9517800000 282.9815100000 282.9716200000 282.8493300000 282.5316200000 281.9863900000 281.3103900000 280.5947900000 279.8896500000 279.1745000000 278.5210300000 277.8479300000 277.0488600000 276.3401500000 275.6291800000 275.1713000000 274.9578600000 274.5538300000 274.5881300000 275.3585500000 276.1134300000 276.8312100000 277.5242300000 278.1890000000 278.8159500000 279.3470500000 279.8544900000
276.4421400000 276.4846800000 276.7233000000 277.0133400000 277.2813400000 277.5154700000 277.8036800000 278.0434000000 278.1256700000 278.1516100000 278.3723800000 278.8313300000 279.4489100000 280.1972700000 280.9543500000 281.5405900000 281.9028000000 282.1185300000 282.2879900000 282.4769600000 282.6820100000 282.8027300000 282.8597100000 282.8163500000 282.6647300000 282.2672700000 281.6768200000 281.0018600000 280.3128400000 279.6240500000 278.9688700000 278.4785200000 277.8090500000 276.9576400000 276.2768600000 275.5548100000 275.0213600000 274.7996500000 274.4392100000 274.5244400000 275.2552200000 276.0043600000 276.8027300000 277.5738500000 278.2929400000 278.9295700000 279.4707900000 279.9039300000
276.1697400000 276.1694900000 276.3947400000 276.6244200000 276.8422500000 277.0597500000 277.3188500000 277.5503800000 277.6700700000 277.9335300000 278.3701200000 278.9543200000 279.6654700000 280.4412500000 281.0965900000 281.4825100000 281.6004300000 281.6531400000 281.8866600000 282.1395600000 282.4324600000 282.6196300000 282.7260100000 282.7426500000 282.5615200000 282.1277500000 281.5635700000 281.0618000000 280.3874500000 279.6052600000 278.8973700000 278.3814400000 277.7705700000 276.9628000000 276.2249100000 275.5546300000 274.9362800000 274.5246000000 274.2917800000 274.4601400000 275.0820000000 275.7791100000 276.6402000000 277.4410700000 278.1655300000 278.7497900000 279.2214100000 279.5917700000
275.8964500000 275.9032600000 276.0713800000 276.2269900000 276.3942900000 276.6168200000 276.8646500000 277.1466100000 277.5629900000 278.0314000000 278.5601800000 279.2200900000 279.9479400000 280.6500900000 281.1083400000 281.2146900000 281.1123700000 281.3271200000 281.6293900000 281.9053600000 282.3143000000 282.5517300000 282.6749600000 282.7082200000 282.5884100000 282.1698000000 281.7023600000 281.2034900000 280.5965900000 279.7825300000 279.0164200000 278.4655500000 277.8688400000 277.0470000000 276.2527800000 275.5488900000 274.9619800000 274.3862000000 274.1277800000 274.3595900000 274.8692900000 275.5260600000 276.3935200000 277.1786200000 277.8191500000 278.3101800000 278.7023000000 279.0628700000
275.6355300000 275.6763900000 275.7392300000 275.8613900000 276.0914600000 276.4443400000 276.7940400000 277.1711700000 277.6578400000 278.1976900000 278.8046600000 279.4606900000 280.0920700000 280.5927700000 280.7938200000 280.7220200000 280.5788300000 280.9492800000 281.3481400000 281.7838100000 282.1766400000 282.4437300000 282.5636900000 282.5605200000 282.4602700000 282.1554900000 281.7194500000 281.1202100000 280.6515500000 279.9039300000 279.2217100000 278.6230500000 277.9368000000 277.2361800000 276.4394800000 275.6067500000 274.9982600000 274.3667600000 274.0022300000 274.1817900000 274.6633000000 275.2823500000 276.1027200000 276.8020900000 277.3509800000 277.7504000000 278.1228900000 278.5779700000
275.4056400000 275.4704300000 275.5506300000 275.7642500000 276.1077600000 276.4869700000 276.8754600000 277.2993800000 277.8120100000 278.3797900000 278.9882500000 279.5385100000 279.9653300000 280.2102400000 280.2402300000 280.1543300000 280.1497500000 280.5242300000 281.0412900000 281.6861900000 282.0791000000 282.3457600000 282.4337200000 282.3768300000 282.2774400000 282.1344300000 281.6405600000 280.9085400000 280.3803700000 279.7231100000 279.0806600000 278.4316400000 277.6902500000 277.1446500000 276.4169000000 275.5950300000 274.9827000000 274.3253200000 273.9363700000 273.9888900000 274.4252000000 274.9824200000 275.7120700000 276.3035600000 276.7606500000 277.1558200000 277.6298500000 278.2348600000
275.2411800000 275.3009900000 275.4519700000 275.8069800000 276.2001000000 276.6022000000 277.0196800000 277.4869100000 278.0171500000 278.5131800000 278.9615500000 279.3184800000 279.5077800000 279.5727800000 279.5297200000 279.5824900000 279.8477200000 280.4418000000 281.0810900000 281.6778600000 282.0929000000 282.3324000000 282.3904100000 282.2556200000 282.1405600000 282.0175500000 281.4179400000 280.6459700000 280.0370800000 279.3660900000 278.6114500000 277.8730500000 277.3043200000 276.9018200000 276.3038900000 275.5792200000 274.9604200000 274.2669100000 273.8699000000 273.7516200000 274.1106900000 274.6271400000 275.2373700000 275.7330000000 276.1528000000 276.7001300000 277.3146400000 277.9420200000
275.0631100000 275.1683700000 275.3459200000 275.7698100000 276.1854900000 276.6236600000 277.1039400000 277.6066900000 278.0518200000 278.3733500000 278.5907600000 278.7195100000 278.7675800000 278.7848800000 278.9019500000 279.3088100000 279.8434100000 280.5677500000 281.2315400000 281.7489900000 282.1248800000 282.1729100000 282.2777400000 282.1429400000 282.0563400000 281.9643600000 281.2054400000 280.4251100000 279.7609600000 279.0509300000 278.2403900000 277.6088900000 277.2457900000 276.8952900000 276.3927300000 275.7156700000 274.9873000000 274.2744100000 273.8336500000 273.6028700000 273.7882700000 274.2043200000 274.7630300000 275.2003800000 275.7391100000 276.3968800000 277.0291700000 277.5485200000
274.9062200000 275.0333900000 275.1890000000 275.6338200000 276.0926200000 276.5871600000 277.0973800000 277.5387300000 277.8104600000 277.9297800000 277.9510500000 277.9878800000 278.0773600000 278.2816500000 278.7370300000 279.4084500000 280.0508100000 280.7634000000 281.4120200000 281.8390800000 282.1050100000 282.0852900000 282.2357500000 282.1022000000 281.8845800000 281.7884800000 281.1239300000 280.4239800000 279.8079800000 279.1321700000 278.3523600000 277.8318800000 277.4498600000 276.9918500000 276.4540700000 275.8222700000 275.1195700000 274.3806200000 273.8205900000 273.4861100000 273.5641500000 273.8764600000 274.3791500000 274.8768000000 275.4713100000 276.1012000000 276.6370800000 277.0028700000
