examples/project/rasters/elevations.asc
ncols	161
nrows	160
xllcorner	472594.4082732276
yllcorner	4607149.9041403374
cellsize	10.0000000000
NODATA_value	-9999.0000000000
[rows 110 to 131 of 160, columns 0 to 47 of 161]
281.3339800000 280.3744800000 279.5690600000 278.6739200000 277.7641300000 276.7975500000 275.9391200000 275.1642800000 274.4872100000 273.9606600000 273.5417200000 273.2173800000 273.0831300000 272.9321300000 272.9669800000 273.3865100000 273.9925500000 274.7739000000 275.5975300000 276.2934000000 276.8950500000 277.3672500000 277.8003200000 278.2062100000 278.5412300000 278.9427200000 279.4148900000 279.9883400000 280.5893900000 281.1109600000 281.6143200000 282.0006400000 282.2874800000 282.4597200000 282.5336900000 282.6630200000 282.8103000000 283.0108000000 283.2099900000 283.6627500000 284.1283000000 284.3511000000 284.6703500000 285.0167800000 285.2846100000 285.6226800000 285.9286200000 286.1809400000
281.3105200000 280.7879600000 280.0301500000 279.1729100000 278.2576900000 277.2144500000 276.2966600000 275.4570000000 274.5883200000 273.8978000000 273.3963900000 272.9990800000 272.8678600000 272.7522900000 272.9510500000 273.4463200000 274.0092200000 274.7185100000 275.3737200000 275.9068300000 276.3675800000 276.7585400000 277.1489300000 277.6165800000 278.0249900000 278.4644200000 278.9428700000 279.5298800000 280.1428200000 280.6773100000 281.2092000000 281.6732800000 282.0836500000 282.4204700000 282.7000100000 282.9904500000 283.2545800000 283.5091900000 283.7151500000 284.1338800000 284.5089100000 284.6502100000 284.9557200000 285.2861900000 285.5111700000 285.7871700000 285.9921900000 286.1681800000
281.1215800000 280.8552600000 280.2255900000 279.4450700000 278.5764500000 277.5265500000 276.5639000000 275.6498100000 274.6449600000 273.8280900000 273.2336400000 272.8062700000 272.6523700000 272.6192300000 272.9759800000 273.4380500000 273.9395400000 274.5173000000 274.9992100000 275.4426900000 275.8711500000 276.3081400000 276.7971500000 277.3458300000 277.7884200000 278.2312900000 278.6658300000 279.2054400000 279.7904400000 280.3293800000 280.8344400000 281.3336200000 281.8091400000 282.2285500000 282.6270400000 283.0508700000 283.4425700000 283.8126800000 284.0913100000 284.5188600000 284.8577600000 284.9468100000 285.2219800000 285.5105300000 285.6729100000 285.8718600000 285.9988400000 286.1484100000
280.7061500000 280.5065600000 280.0393100000 279.3807400000 278.5851100000 277.5629300000 276.5940900000 275.6438600000 274.5696100000 273.7168000000 273.1118200000 272.6734900000 272.5054300000 272.5701900000 272.9317900000 273.3137200000 273.7287300000 274.2246100000 274.7425800000 275.2674300000 275.8046300000 276.3447000000 276.9401600000 277.5057100000 277.9602100000 278.3835100000 278.7922400000 279.2717300000 279.7778300000 280.2401100000 280.7123100000 281.2218600000 281.7288800000 282.1492900000 282.5548400000 283.0036900000 283.4471100000 283.8756700000 284.2328800000 284.6874400000 285.0578000000 285.1415700000 285.3858000000 285.6159700000 285.7222300000 285.8431100000 285.9577900000 286.1269200000
280.1682400000 279.8852500000 279.5507200000 279.0488300000 278.3566900000 277.4089700000 276.4395100000 275.4734800000 274.4332000000 273.5961300000 272.9964000000 272.5561200000 272.3935900000 272.5041800000 272.8204300000 273.1562200000 273.6141700000 274.2035500000 274.8778400000 275.5071700000 276.1397700000 276.7601600000 277.3975500000 277.9317300000 278.4018200000 278.8382600000 279.2637900000 279.6948500000 280.0993300000 280.4479400000 280.8711200000 281.3376500000 281.7733500000 282.1298200000 282.4657900000 282.8425300000 283.2784100000 283.7208600000 284.1378500000 284.6416300000 285.0889600000 285.1905200000 285.4008200000 285.6112400000 285.6905800000 285.7813400000 285.9279200000 286.0961600000
279.6118800000 279.1552400000 278.8947800000 278.5207500000 277.9853800000 277.2139600000 276.2911700000 275.2475300000 274.2102400000 273.4491900000 272.8753400000 272.4476900000 272.2817700000 272.3921500000 272.7305300000 273.1070900000 273.7112400000 274.4888300000 275.2886400000 275.9316400000 276.5564600000 277.1983900000 277.8714900000 278.3426800000 278.8281900000 279.2786300000 279.6741000000 280.0170600000 280.2879000000 280.5326500000 280.8867500000 281.2685900000 281.5991800000 281.9013100000 282.2140200000 282.5473000000 282.9628600000 283.4371600000 283.9015800000 284.4732100000 285.0019500000 285.1431600000 285.3504300000 285.5569500000 285.6416300000 285.7523500000 285.8984100000 286.0410500000
279.0780300000 278.4500400000 278.1641500000 277.8519600000 277.4774500000 276.9436600000 276.1633600000 275.0943300000 273.9913000000 273.2852200000 272.7695300000 272.3763700000 272.1508500000 272.2569300000 272.6367200000 273.0699500000 273.7911700000 274.7222600000 275.6072100000 276.2626000000 276.8558300000 277.4611200000 278.1018700000 278.5080900000 278.9485200000 279.3063000000 279.5983000000 279.8200100000 279.9801000000 280.1728800000 280.4983500000 280.8388400000 281.1409900000 281.4477500000 281.8132000000 282.2065400000 282.6486200000 283.1363500000 283.6354400000 284.2350800000 284.8667900000 285.0864600000 285.3004500000 285.5065900000 285.6238100000 285.7417600000 285.8526300000 285.9758300000
278.7031600000 277.8651700000 277.5096700000 277.1946100000 276.8949300000 276.5170300000 275.8761300000 274.9328900000 273.8728900000 273.1315600000 272.6553600000 272.3146700000 272.0185500000 272.1038200000 272.4972500000 272.9693000000 273.7683700000 274.7394700000 275.6519500000 276.3259600000 276.8842500000 277.3937700000 277.9203200000 278.2617500000 278.5821800000 278.8370100000 279.0405900000 279.2294000000 279.4000900000 279.6176500000 279.9723200000 280.3574800000 280.7463100000 281.1331200000 281.5895400000 282.0981100000 282.6038200000 283.0840500000 283.5507800000 284.1167000000 284.8139600000 285.0742200000 285.2581800000 285.4663400000 285.6033300000 285.7213400000 285.8098800000 285.9147000000
278.4741200000 277.4075300000 277.0105900000 276.6802700000 276.3703900000 275.9768100000 275.3960600000 274.5966200000 273.6972700000 272.9844700000 272.5306100000 272.2441700000 271.9204400000 271.9750700000 272.3650200000 272.8533600000 273.6159100000 274.5015000000 275.3968800000 276.0650000000 276.5694300000 276.9770500000 277.4045700000 277.7114600000 277.9634700000 278.1806600000 278.3924000000 278.6470600000 278.9681100000 279.2762500000 279.7145400000 280.2151800000 280.7470400000 281.2580600000 281.8085600000 282.3932200000 282.9035900000 283.3620300000 283.7555500000 284.2462200000 284.8791500000 285.0946400000 285.2487800000 285.4187900000 285.5620700000 285.6851500000 285.7791700000 285.8698100000
278.2993500000 277.0942100000 276.6315600000 276.2816200000 275.8985900000 275.4021600000 274.8554700000 274.1763000000 273.4614900000 272.8462800000 272.4044500000 272.1550600000 271.8640700000 271.8615100000 272.2043800000 272.6615600000 273.3321200000 274.1149600000 274.9380500000 275.5771200000 276.0138200000 276.3685900000 276.7413600000 277.0891400000 277.3593100000 277.6342200000 277.9039600000 278.3027000000 278.8429300000 279.2763400000 279.8403900000 280.4736900000 281.0597500000 281.6323900000 282.1840800000 282.7282700000 283.1724500000 283.5702800000 283.9181500000 284.3399700000 284.8909000000 285.0696400000 285.2134400000 285.3441200000 285.4960000000 285.6107800000 285.7143600000 285.8102700000
278.2133800000 276.9334400000 276.4245000000 275.9906000000 275.4762000000 274.9213600000 274.3945600000 273.8376500000 273.2626000000 272.6882300000 272.2639200000 272.0480000000 271.8055400000 271.7580900000 271.9834000000 272.3702400000 272.9569700000 273.6512100000 274.3568700000 274.9326800000 275.3297400000 275.6732200000 276.0254500000 276.4656700000 276.8395100000 277.2534200000 277.6715100000 278.2729800000 278.9539200000 279.4610900000 280.1034500000 280.7449300000 281.2624500000 281.7903400000 282.2439900000 282.7036400000 283.0785200000 283.4444300000 283.7912000000 284.2383400000 284.8070400000 284.9816300000 285.1092200000 285.2429200000 285.3850100000 285.5043900000 285.5864900000 285.6853300000
278.2339800000 276.9716200000 276.4745800000 275.9376500000 275.3385600000 274.7821000000 274.2313800000 273.6998000000 273.1492900000 272.5610700000 272.1383100000 271.8896200000 271.7129200000 271.6774600000 271.8439900000 272.0728800000 272.5428200000 273.1437100000 273.7446900000 274.2653800000 274.6664400000 275.0694900000 275.4526400000 275.9966100000 276.5247200000 277.0323200000 277.6630600000 278.3508900000 279.0706200000 279.6090100000 280.2036700000 280.7511000000 281.1514900000 281.5634200000 281.9192500000 282.3325500000 282.7466700000 283.1828000000 283.6202400000 284.1398600000 284.7642200000 284.9450700000 285.0235300000 285.1469700000 285.2689500000 285.3985900000 285.4808700000 285.5668000000
278.4528200000 277.3185400000 276.8142700000 276.2268400000 275.6150200000 275.0680800000 274.5172100000 273.8846700000 273.2079500000 272.6174000000 272.0889000000 271.7192700000 271.5780900000 271.6199600000 271.7939100000 271.9336500000 272.2744800000 272.7453000000 273.2288200000 273.6812400000 274.1102000000 274.6539900000 275.1883200000 275.8211400000 276.4120800000 277.0139800000 277.7020600000 278.3797600000 279.0199000000 279.4888000000 279.9520600000 280.4188800000 280.7458500000 281.1247300000 281.5106200000 281.9896200000 282.5621000000 283.1158800000 283.6312900000 284.1546300000 284.7469800000 284.9385700000 284.9581000000 285.0335400000 285.1323500000 285.2484400000 285.3367900000 285.4187900000
278.8129600000 277.9114400000 277.4219100000 276.8060900000 276.1802700000 275.6338200000 275.0528300000 274.2786300000 273.4761000000 272.8118900000 272.1978100000 271.6603400000 271.4019200000 271.5485500000 271.7548500000 271.9431800000 272.2046500000 272.5172100000 272.8386500000 273.2590900000 273.8002600000 274.4246200000 275.0896300000 275.7642500000 276.3495200000 276.9141200000 277.5125700000 278.1145300000 278.6279300000 279.0781900000 279.4754000000 279.9554100000 280.3211400000 280.8089900000 281.3288000000 281.9323700000 282.6149600000 283.2380100000 283.7744100000 284.2356900000 284.7609600000 284.8565400000 284.8358500000 284.8626400000 284.9120500000 284.9737500000 285.0524600000 285.1514900000
279.2983100000 278.6639700000 278.2321800000 277.5954000000 276.9459800000 276.3268400000 275.6765400000 274.8323400000 273.9827600000 273.1244500000 272.2708400000 271.5766900000 271.2609300000 271.4510800000 271.7178300000 271.9322800000 272.1835600000 272.4366800000 272.7367900000 273.2438400000 273.8099100000 274.3432600000 274.9079300000 275.5266400000 276.0997600000 276.5852100000 277.0837700000 277.6468500000 278.1594200000 278.6768500000 279.1447100000 279.7327000000 280.2451800000 280.8557700000 281.4862100000 282.1604000000 282.8303500000 283.4348800000 283.9213900000 284.3159200000 284.7533300000 284.7470100000 284.7048000000 284.7111500000 284.7017200000 284.6758700000 284.7378200000 284.8656300000
279.8894300000 279.4516000000 278.9849200000 278.3266000000 277.6345800000 276.8950500000 276.1492000000 275.3321200000 274.4790000000 273.4368600000 272.3343200000 271.4905700000 271.1120900000 271.2992200000 271.6257000000 271.8569900000 272.0252400000 272.3055100000 272.6902200000 273.1149600000 273.6104400000 274.1329000000 274.6150800000 275.1634200000 275.7541800000 276.2799100000 276.7926000000 277.4045700000 278.0352200000 278.6234700000 279.2400200000 279.9293500000 280.5417500000 281.1937000000 281.8368800000 282.5193500000 283.1144400000 283.6450200000 284.0315200000 284.3438400000 284.6905500000 284.6247300000 284.5413500000 284.5250500000 284.4445800000 284.3120100000 284.3585800000 284.5346700000
280.3602600000 279.9850200000 279.4275200000 278.7109400000 278.0048200000 277.1951000000 276.3539400000 275.4887400000 274.5593000000 273.4205600000 272.2572300000 271.3801900000 270.9930100000 271.1565900000 271.4895000000 271.7146000000 271.8944400000 272.2324200000 272.6072700000 273.0214200000 273.4916400000 274.0018000000 274.4824500000 275.0831600000 275.7258900000 276.2953800000 276.8992600000 277.5779700000 278.2644000000 278.9748200000 279.6984600000 280.3768900000 280.9983500000 281.6399800000 282.2511000000 282.8956000000 283.3890700000 283.8246200000 284.0988200000 284.3336500000 284.5960700000 284.4726000000 284.3530600000 284.2710900000 284.1134900000 283.9144300000 283.9432700000 284.1920500000
280.7724900000 280.2686800000 279.6098300000 278.8195200000 278.0514200000 277.1657100000 276.2522300000 275.2648000000 274.2192700000 273.1120600000 272.1026900000 271.3354800000 270.8739000000 271.0701900000 271.3867200000 271.5569500000 271.7378200000 272.1272600000 272.5821800000 273.0600900000 273.5931700000 274.0787700000 274.6583900000 275.3381700000 275.9688700000 276.5923200000 277.2578700000 277.9702100000 278.6601900000 279.4104900000 280.1685800000 280.8437200000 281.4880400000 282.0987900000 282.6441300000 283.2043800000 283.5771800000 283.9301500000 284.1035200000 284.2810700000 284.4884300000 284.3129600000 284.1419700000 283.9717100000 283.7309900000 283.4850800000 283.5194700000 283.8405200000
281.1851800000 280.3806800000 279.6452000000 278.8155500000 277.9630400000 277.0020800000 276.0295100000 274.9428100000 273.8223000000 272.8049000000 271.9787300000 271.2894900000 270.7781700000 270.9164100000 271.2401700000 271.4021600000 271.5905200000 271.9517200000 272.4104300000 272.9828200000 273.6056800000 274.1730700000 274.8637400000 275.6242100000 276.2738300000 276.9205600000 277.6187400000 278.3067600000 279.0338400000 279.7515300000 280.4707000000 281.1765100000 281.8138400000 282.4014300000 282.8862300000 283.3610200000 283.6676600000 283.9325300000 284.0427200000 284.1821300000 284.3639800000 284.1502100000 283.9208400000 283.6431300000 283.3016100000 282.9964000000 283.0599100000 283.4795500000
280.9209300000 280.2405700000 279.5291700000 278.7050200000 277.8364900000 276.8227800000 275.8159500000 274.6991600000 273.5947600000 272.6401700000 271.8790000000 271.2204000000 270.7120400000 270.7428000000 271.0870100000 271.2484700000 271.4385700000 271.8038300000 272.2492400000 272.8568100000 273.5134900000 274.1674500000 274.9310000000 275.7420300000 276.4325600000 277.1118200000 277.8191200000 278.4900500000 279.2410000000 279.9228500000 280.6100200000 281.3008100000 281.9409200000 282.4888000000 282.9368300000 283.3630400000 283.6353100000 283.8664200000 283.9634100000 284.0807200000 284.2277500000 284.0201100000 283.7228400000 283.3180200000 282.8483000000 282.5200800000 282.6533500000 283.1550900000
280.7473100000 280.0122400000 279.2969700000 278.4874000000 277.6510000000 276.6719100000 275.7480500000 274.6958300000 273.6288100000 272.6783400000 271.8028300000 271.1267700000 270.6709600000 270.5935100000 270.9410700000 271.1078500000 271.3097500000 271.6432800000 272.0739700000 272.6804800000 273.3585800000 274.0334200000 274.8418000000 275.7409400000 276.4775100000 277.1737400000 277.8831500000 278.5664400000 279.3085600000 279.9892900000 280.6647300000 281.3430500000 281.9473000000 282.4719500000 282.9059400000 283.2995600000 283.5784600000 283.7943400000 283.8801600000 283.9837300000 284.1199300000 283.8981600000 283.5623800000 283.0369000000 282.4489400000 282.0957000000 282.3154300000 282.8538800000
280.4684100000 279.6807600000 278.9729900000 278.1999500000 277.4270900000 276.5981800000 275.8033400000 274.8998700000 273.9599600000 272.8805500000 271.8334700000 271.1012900000 270.6328700000 270.4819000000 270.7888500000 270.9733600000 271.1934200000 271.5408000000 271.9644200000 272.6135300000 273.3262000000 274.0547200000 274.9114400000 275.7821000000 276.4824500000 277.1348600000 277.8332200000 278.4931600000 279.2473100000 279.9209600000 280.5827000000 281.2352000000 281.8363600000 282.3816500000 282.8405500000 283.2416100000 283.5199300000 283.7160900000 283.7966900000 283.8677100000 283.9920300000 283.7329700000 283.3199200000 282.7173200000 282.0932000000 281.6978500000 281.9500100000 282.4519000000
