examples/project/rasters/elevations.asc
ncols	161
nrows	160
xllcorner	472594.4082732276
yllcorner	4607149.9041403374
cellsize	10.0000000000
NODATA_value	-9999.0000000000
[rows 22 to 43 of 160, columns 0 to 47 of 161]
-9999.0000000000 287.1660500000 287.2824400000 287.2971500000 287.2590900000 287.2092000000 287.2399300000 287.2873800000 287.3671000000 287.4708900000 287.5879200000 287.6986700000 287.7934900000 287.8624000000 287.9455000000 288.0200500000 288.0625000000 288.1140100000 288.1918300000 288.2499400000 288.2954100000 288.3261700000 288.3732900000 288.4169600000 288.4769000000 288.5366500000 288.5813900000 288.6353800000 288.6691000000 288.6786500000 288.6898200000 288.7417300000 288.7586700000 288.7476500000 288.7438000000 288.7438000000 288.7655300000 288.7771300000 288.7117900000 288.6083700000 288.4755900000 288.3171400000 288.2225300000 288.0568200000 287.7056300000 287.3027300000 286.8966700000 286.5457200000
-9999.0000000000 287.1067500000 287.2024800000 287.2124600000 287.1363200000 287.0320100000 287.0377200000 287.1063200000 287.2058400000 287.3407900000 287.4927700000 287.6288800000 287.7311100000 287.8195800000 287.9027100000 287.9758000000 288.0287200000 288.0969500000 288.1725500000 288.2346200000 288.2605900000 288.2976100000 288.3401500000 288.3809200000 288.4281600000 288.4752500000 288.5196200000 288.5931700000 288.6362300000 288.6584800000 288.6768800000 288.7160900000 288.7289100000 288.7166400000 288.7160600000 288.7264400000 288.7775300000 288.7926600000 288.7529300000 288.6875900000 288.5982100000 288.5159600000 288.4808700000 288.3786300000 288.0860300000 287.6647600000 287.1662900000 286.6830400000
-9999.0000000000 287.0619800000 287.1166100000 287.0726300000 286.9706400000 286.8483300000 286.8431400000 286.9382900000 287.0559100000 287.2139600000 287.4013100000 287.5691200000 287.6818200000 287.7711200000 287.8490000000 287.9246800000 288.0008500000 288.0735800000 288.1436500000 288.2048000000 288.2214700000 288.2590300000 288.3011500000 288.3387100000 288.3745100000 288.4180000000 288.4610300000 288.5389700000 288.5941500000 288.6293900000 288.6553600000 288.6813000000 288.6897900000 288.6781000000 288.6812700000 288.7047100000 288.7594600000 288.7864100000 288.7661400000 288.7268100000 288.6630200000 288.6021700000 288.5799900000 288.5309800000 288.3319400000 287.9563600000 287.4274900000 286.8129600000
-9999.0000000000 286.9957000000 287.0121800000 286.8897700000 286.7757000000 286.6690400000 286.6953100000 286.8057600000 286.9650900000 287.1502400000 287.3514100000 287.5220300000 287.6418500000 287.7321500000 287.8169900000 287.9013400000 287.9797400000 288.0496800000 288.1196900000 288.1851800000 288.1885400000 288.2135000000 288.2609300000 288.2906500000 288.3336200000 288.3855300000 288.4191900000 288.4915200000 288.5544700000 288.5903000000 288.6098300000 288.6422100000 288.6584500000 288.6246300000 288.6519800000 288.6894800000 288.7388300000 288.7802400000 288.7726400000 288.7374000000 288.6866500000 288.6215500000 288.5921900000 288.5589000000 288.4093300000 288.0983600000 287.5888700000 286.9037800000
-9999.0000000000 286.9161400000 286.8886400000 286.7212800000 286.5893900000 286.5163900000 286.5801400000 286.7426800000 286.9656700000 287.1835900000 287.3655700000 287.5114100000 287.6196300000 287.7131700000 287.8044100000 287.8928800000 287.9616100000 288.0216700000 288.0995200000 288.1571700000 288.1597300000 288.1778000000 288.2142000000 288.2468900000 288.3056000000 288.3642000000 288.3989000000 288.4602700000 288.5104400000 288.5427200000 288.5626800000 288.6079400000 288.6448700000 288.6227700000 288.6394700000 288.6804200000 288.7303800000 288.7708100000 288.7706300000 288.7375200000 288.6810300000 288.6180700000 288.5670800000 288.5296000000 288.3752700000 288.0711700000 287.5666800000 286.9081700000
-9999.0000000000 286.8154000000 286.7295200000 286.5586200000 286.4256600000 286.3956900000 286.5040300000 286.7184800000 286.9838600000 287.2213700000 287.3823500000 287.5127600000 287.6122700000 287.6928400000 287.7831400000 287.8733200000 287.9384800000 287.9953000000 288.0684200000 288.1181000000 288.1272600000 288.1401100000 288.1647300000 288.1984900000 288.2704500000 288.3358800000 288.3783300000 288.4278000000 288.4703100000 288.5000600000 288.5235600000 288.5801100000 288.6283900000 288.6217700000 288.6413600000 288.6654100000 288.7108200000 288.7525300000 288.7469800000 288.7210100000 288.6615000000 288.5984800000 288.5376600000 288.4863600000 288.2874800000 287.9162600000 287.3734700000 286.8180500000
286.6159700000 286.5337200000 286.3857100000 286.2953800000 286.2953800000 286.3178400000 286.4479400000 286.6826200000 286.9665500000 287.2095000000 287.3708800000 287.4959400000 287.5930500000 287.6758700000 287.7694100000 287.8537600000 287.9233400000 287.9783600000 288.0435200000 288.0789500000 288.0800500000 288.0885900000 288.1248200000 288.1684000000 288.2449000000 288.3052700000 288.3594400000 288.4204100000 288.4569400000 288.4730500000 288.4844400000 288.5478800000 288.5974100000 288.6098000000 288.6314400000 288.6428200000 288.6836500000 288.7210700000 288.7128600000 288.6894500000 288.6343700000 288.5755600000 288.5245700000 288.4599300000 288.2310200000 287.7985500000 287.2269300000 286.7346500000
286.3515000000 286.3425600000 286.2373400000 286.1927500000 286.2488100000 286.3980400000 286.6488300000 286.9489100000 286.9489100000 287.2020600000 287.3513200000 287.4686600000 287.5725100000 287.6547500000 287.7427100000 287.8270900000 287.8842200000 287.9443100000 288.0080600000 288.0326200000 288.0198400000 288.0370500000 288.0844400000 288.1441000000 288.2219200000 288.2774700000 288.3409700000 288.4105200000 288.4390600000 288.4343300000 288.4524500000 288.5076900000 288.5620100000 288.5896300000 288.6113300000 288.6175500000 288.6512100000 288.6845100000 288.6843600000 288.6627800000 288.6076700000 288.5544100000 288.5227100000 288.4650000000 288.2775900000 287.8782000000 287.3297100000 286.7675500000
286.1216100000 286.1762100000 286.1111800000 286.1082500000 286.1868000000 286.3650200000 286.6158100000 286.9158900000 287.1803900000 287.3318200000 287.4536700000 287.5513600000 287.5513600000 287.6355300000 287.7116100000 287.7903700000 287.8454900000 287.9028300000 287.9579200000 287.9677100000 287.9677100000 287.9942000000 288.0478200000 288.1128800000 288.1916500000 288.2435300000 288.3227200000 288.3763700000 288.4078100000 288.4010900000 288.4301100000 288.4695400000 288.5158100000 288.5441600000 288.5726000000 288.5969800000 288.6213700000 288.6473400000 288.6468500000 288.6273200000 288.6003400000 288.5496200000 288.5179400000 288.4794000000 288.3625200000 288.0655800000 287.5608500000 286.8918500000
285.9506200000 286.0600300000 286.0308500000 286.0686000000 286.1763900000 286.3496700000 286.5924100000 286.8934600000 287.1567700000 287.3165600000 287.4393300000 287.5224000000 287.6110200000 287.6819800000 287.7537200000 287.7537200000 287.8009000000 287.8502800000 287.8799400000 287.8840000000 287.8921200000 287.9414400000 288.0130300000 288.0882600000 288.1512500000 288.2081000000 288.2881500000 288.3290400000 288.3606300000 288.3669400000 288.4005100000 288.4461100000 288.4897500000 288.5084200000 288.5313400000 288.5492200000 288.5768100000 288.6027500000 288.6064100000 288.5957600000 288.5797700000 288.5424200000 288.5022000000 288.4840400000 288.4047200000 288.1932700000 287.7768200000 287.1187100000
285.8300500000 285.9919700000 285.9931900000 286.0816700000 286.2124300000 286.3812000000 286.5959800000 286.8907500000 287.1492000000 287.3160400000 287.4134200000 287.4891100000 287.5657000000 287.6317100000 287.7058400000 287.7415800000 287.7777700000 287.7861900000 287.7862900000 287.7862900000 287.8273300000 287.8909000000 287.9724700000 288.0475800000 288.1070600000 288.1685200000 288.2287300000 288.2788100000 288.2979700000 288.3024600000 288.3568400000 288.4286800000 288.4540700000 288.4569100000 288.4799500000 288.4950300000 288.5322600000 288.5636300000 288.5763900000 288.5627700000 288.5522800000 288.5160800000 288.4867600000 288.4574000000 288.3963000000 288.2610800000 288.0005800000 287.4288000000
285.7875700000 285.9287100000 286.0004000000 286.1408400000 286.3080400000 286.5016200000 286.6941500000 286.9473300000 287.1631200000 287.3149100000 287.3938600000 287.4641700000 287.5281100000 287.5917400000 287.6427300000 287.6694000000 287.6754500000 287.6722400000 287.6886300000 287.7771900000 287.8585200000 287.9387500000 288.0166000000 288.0166000000 288.0918300000 288.1395900000 288.1954700000 288.2064800000 288.1953700000 288.1972400000 288.2641600000 288.3742700000 288.4136400000 288.4153700000 288.4266700000 288.4443700000 288.4694800000 288.5191700000 288.5354300000 288.5372600000 288.5361600000 288.4872100000 288.4718000000 288.4525500000 288.3864700000 288.2666600000 288.1166700000 287.7095300000
285.7739900000 285.9225200000 286.0585000000 286.2594000000 286.4687500000 286.6552400000 286.8393200000 287.0183700000 287.1622300000 287.2791100000 287.3516800000 287.4155600000 287.4498300000 287.5058000000 287.5338100000 287.5437000000 287.5177600000 287.5128800000 287.5860300000 287.7215000000 287.8242800000 287.9142500000 287.9911500000 288.0551800000 288.1032100000 288.1288500000 288.0802300000 288.0802300000 287.9973800000 288.0060400000 288.1017200000 288.2724300000 288.3603200000 288.3672200000 288.3802800000 288.3767100000 288.3922100000 288.4555400000 288.4814800000 288.4882500000 288.4774800000 288.4339000000 288.4227900000 288.4194900000 288.3458300000 288.2567400000 288.1398000000 287.8534500000
285.7859500000 285.9728400000 286.1470600000 286.4124500000 286.6536300000 286.8262900000 286.9549600000 287.0673500000 287.1572300000 287.2487200000 287.2987100000 287.3306300000 287.3447900000 287.3619700000 287.3675200000 287.3526000000 287.3303200000 287.3583700000 287.4823000000 287.6718800000 287.7921100000 287.8755800000 287.9491000000 287.9987800000 288.0290500000 288.0306400000 287.8938600000 287.7509800000 287.7708700000 287.9323700000 288.1516700000 288.1516700000 288.2796000000 288.2952900000 288.3121300000 288.3110700000 288.3181500000 288.3789400000 288.4077500000 288.4145200000 288.4187900000 288.3693800000 288.3497000000 288.3599200000 288.3067000000 288.2221400000 288.0936300000 287.8725900000
285.7911700000 286.0809900000 286.2948300000 286.5728800000 286.7944000000 286.9248400000 287.0130300000 287.0717200000 287.1372400000 287.2060200000 287.2349900000 287.2136500000 287.1858500000 287.1848800000 287.1552400000 287.1688800000 287.1694900000 287.2531100000 287.4236500000 287.6144400000 287.7560400000 287.8417100000 287.9099700000 287.9520600000 287.9525800000 287.8841600000 287.6766400000 287.4882500000 287.5274400000 287.7613800000 288.0349700000 288.1984300000 288.2298900000 288.2392900000 288.2355000000 288.2355000000 288.2546700000 288.3103600000 288.3490600000 288.3597400000 288.3611500000 288.3211100000 288.2967800000 288.2938200000 288.2635200000 288.1558500000 288.0109900000 287.7861000000
285.9110100000 286.2485000000 286.4698200000 286.7061500000 286.8615700000 286.9577300000 287.0168200000 287.0593900000 287.1211200000 287.1713600000 287.1497500000 287.0762900000 286.9992700000 286.9714700000 286.9400900000 286.9614900000 287.0289600000 287.1937600000 287.4010600000 287.5883800000 287.7342800000 287.8280900000 287.8780800000 287.9166000000 287.8699600000 287.7142000000 287.4315800000 287.2183200000 287.2642200000 287.5732400000 287.9134800000 288.1161800000 288.1438000000 288.1393100000 288.1354700000 288.1709600000 288.2529900000 288.2963900000 288.3235500000 288.3235500000 288.3155500000 288.2751500000 288.2589100000 288.2595500000 288.2140800000 288.1044000000 287.9147900000 287.6376600000
286.1683300000 286.4625500000 286.6513400000 286.8198900000 286.9169000000 286.9712200000 287.0217600000 287.0695500000 287.1126400000 287.1194800000 287.0419000000 286.9090600000 286.7922700000 286.7551600000 286.7296800000 286.8054800000 287.0134000000 287.2767000000 287.5264600000 287.6742600000 287.7821000000 287.8435400000 287.8732600000 287.8832700000 287.7792700000 287.5055800000 287.1626600000 286.9259600000 287.0377500000 287.4124500000 287.8101500000 288.0198400000 287.9949000000 287.9470200000 287.9290200000 288.0350000000 288.1854600000 288.2581800000 288.2909200000 288.2914100000 288.2404200000 288.2315100000 288.2489900000 288.2489900000 288.2003200000 288.0833400000 287.8533900000 287.5021400000
286.4595900000 286.6341200000 286.7570800000 286.8618200000 286.9194300000 286.9498300000 286.9848300000 287.0112000000 287.0446800000 287.0108000000 286.8533900000 286.6651900000 286.5312800000 286.4988400000 286.5690000000 286.8005400000 287.1097700000 287.3839700000 287.5780600000 287.7075500000 287.7784700000 287.8133900000 287.8274800000 287.7635500000 287.5679300000 287.2338000000 286.8241000000 286.5717200000 286.7672700000 287.2659600000 287.6912200000 287.8194900000 287.6884500000 287.5547200000 287.5611900000 287.7756300000 288.0266100000 288.1492600000 288.1855500000 288.1880800000 288.1601000000 288.1535000000 288.1739200000 288.1482800000 288.0421400000 287.8818100000 287.5275900000 287.5275900000
286.2511300000 286.6098000000 286.6908900000 286.7660200000 286.7923000000 286.8046300000 286.7832900000 286.8098100000 286.8275800000 286.7470100000 286.5698500000 286.3974900000 286.3068500000 286.3490000000 286.5719000000 286.8808300000 287.1720600000 287.3833000000 287.5387600000 287.6152600000 287.6816100000 287.7001000000 287.6852400000 287.5586500000 287.2709000000 286.8742700000 286.4303300000 286.2338300000 286.5458400000 287.0670200000 287.4830300000 287.5487400000 287.3036200000 287.1001900000 287.1675100000 287.4743700000 287.8154900000 287.9899600000 288.0502000000 288.0490400000 288.0069300000 288.0159900000 288.0396100000 288.0236800000 287.9304800000 287.8233300000 287.4633200000 286.8819600000
286.1155700000 286.5326200000 286.5968000000 286.6078500000 286.5564300000 286.5011900000 286.4484900000 286.4531900000 286.4545900000 286.4069500000 286.2743800000 286.1783100000 286.1405900000 286.3212600000 286.6416600000 286.9746100000 287.2332500000 287.3948100000 287.5015300000 287.5630800000 287.5916400000 287.6039700000 287.5617700000 287.3540300000 286.9673500000 286.4869700000 286.0786100000 285.9412800000 286.2893400000 286.8421900000 287.2622400000 287.2421600000 286.8928200000 286.6090700000 286.7877500000 287.2227500000 287.6228000000 287.8593100000 287.9310600000 287.9270000000 287.8733500000 287.8904400000 287.9251700000 287.9267300000 287.8609300000 287.7645300000 287.4570900000 286.8925800000
286.0369000000 286.4431500000 286.4326800000 286.3519300000 286.2132900000 286.1246600000 286.0671100000 286.0575600000 286.0695800000 286.0667700000 286.0320700000 285.9903600000 286.1015000000 286.3827800000 286.7031600000 287.0491300000 287.2805500000 287.4040800000 287.4803800000 287.4993600000 287.5045500000 287.5240200000 287.4528200000 287.1515200000 286.6408700000 286.1243600000 285.7737100000 285.6483500000 286.0123600000 286.6014100000 287.0083300000 286.8950800000 286.4531900000 286.1888100000 286.4931300000 286.9724100000 287.4423200000 287.7268400000 287.7934900000 287.7601600000 287.6890600000 287.7141700000 287.8095400000 287.8376800000 287.7837200000 287.6914100000 287.4484900000 286.9357000000
285.8574800000 286.2026400000 286.1532300000 285.9785500000 285.8227200000 285.7258300000 285.7101700000 285.7265300000 285.7644300000 285.8117700000 285.8315100000 285.9296300000 286.1877100000 286.4830000000 286.8021200000 287.1035200000 287.2841500000 287.3838500000 287.4402200000 287.4469300000 287.4532800000 287.4477500000 287.3479900000 286.9804700000 286.3859900000 285.8171700000 285.4799800000 285.3640400000 285.6988500000 286.2768600000 286.6470000000 286.4526100000 285.9820600000 285.8179900000 286.2274500000 286.7288200000 287.2749600000 287.5706800000 287.6351300000 287.5871600000 287.5071100000 287.5322900000 287.6775200000 287.7480800000 287.7200600000 287.6495700000 287.4088100000 286.9577300000
