examples/project/rasters/elevations.asc
ncols	161
nrows	160
xllcorner	472594.4082732276
yllcorner	4607149.9041403374
cellsize	10.0000000000
NODATA_value	-9999.0000000000
[rows 88 to 109 of 160, columns 48 to 95 of 161]
284.6705000000 284.5452300000 284.5899700000 284.7191500000 284.9415000000 285.2038900000 285.4562700000 285.7064800000 285.9946900000 286.3366100000 286.7187200000 287.0830700000 287.2416400000 287.2747200000 287.3643500000 287.3849500000 287.4180000000 287.4311500000 287.4629500000 287.5029900000 287.5096700000 287.5191000000 287.4509900000 287.3802200000 287.3314500000 287.3027600000 287.2747800000 287.2082200000 287.1264000000 286.9652400000 286.5785200000 286.1913100000 285.5367100000 285.0445300000 284.7660800000 284.4101000000 283.8994800000 283.3931900000 283.4314300000 283.8266600000 284.4437000000 285.1819500000 285.5966800000 285.4046900000 284.7619900000 284.1490500000 283.8642600000 284.0068100000
285.2684300000 285.1802700000 285.2017200000 285.3270900000 285.5021700000 285.6982700000 285.9000500000 286.0978400000 286.3411900000 286.5335400000 286.7836300000 287.1028100000 287.2682200000 287.3097200000 287.3962700000 287.3967000000 287.4113800000 287.4361600000 287.4680200000 287.5080600000 287.4972800000 287.4689000000 287.4239800000 287.3736300000 287.3394800000 287.2789000000 287.2273300000 287.1436200000 287.0773300000 286.9387200000 286.5873100000 286.1824600000 285.4704900000 284.8488800000 284.4253500000 284.0929000000 283.6918000000 283.2147200000 283.2492100000 283.6442000000 284.2318100000 284.9324600000 285.3735400000 285.1767000000 284.5335700000 283.9425400000 283.6976600000 283.9716800000
285.6548200000 285.6595800000 285.7616300000 285.8906600000 286.0217900000 286.1765400000 286.3307800000 286.4468700000 286.6337000000 286.7509500000 286.9083600000 287.1909800000 287.3165600000 287.3476300000 287.4158300000 287.4159500000 287.4296600000 287.4354200000 287.4667400000 287.5072900000 287.4797700000 287.4458000000 287.3947800000 287.3682300000 287.2981000000 287.2202100000 287.1559100000 287.0844700000 287.0230400000 286.9105500000 286.6181900000 286.2865300000 285.6960400000 284.9778400000 284.3658100000 283.8811300000 283.5123900000 283.0984800000 283.0694000000 283.4611500000 284.0897200000 284.7857700000 285.1419400000 284.8645600000 284.2047400000 283.6833200000 283.5634800000 284.0027500000
285.7402300000 285.9233100000 286.1017500000 286.2745400000 286.3881500000 286.5176700000 286.6330000000 286.7376400000 286.8804300000 286.9483300000 287.0477300000 287.2458500000 287.3556800000 287.3556200000 287.4350600000 287.4274600000 287.4161700000 287.4158600000 287.4332000000 287.4873000000 287.4601700000 287.4259300000 287.3747600000 287.3329500000 287.2393800000 287.1612200000 287.0967100000 287.0251800000 286.9448900000 286.8765900000 286.6347700000 286.3838800000 285.9180900000 285.1877100000 284.5188000000 283.9304200000 283.4356700000 283.0548400000 282.9181200000 283.3245500000 283.9694200000 284.6755700000 284.9312700000 284.5534100000 283.9141500000 283.4619100000 283.4667400000 284.0358300000
285.6790500000 285.9220600000 286.1916200000 286.4080800000 286.5812700000 286.6937000000 286.8090200000 286.9136700000 287.0440400000 287.0732100000 287.1293600000 287.3199500000 287.3944400000 287.3909900000 287.4350600000 287.4274600000 287.4161700000 287.3963600000 287.3883100000 287.4402200000 287.4385100000 287.3868100000 287.3261100000 287.2742600000 287.1791100000 287.0829800000 287.0051900000 286.9273700000 286.8719800000 286.8179000000 286.6270800000 286.4556000000 286.0913400000 285.4177900000 284.6717800000 284.0072300000 283.4107100000 282.9029500000 282.7861300000 283.2071800000 283.8520500000 284.4967300000 284.7184100000 284.3042000000 283.6605800000 283.2534200000 283.3597700000 284.0304000000
285.4880700000 285.7322700000 286.0483400000 286.3568400000 286.5680500000 286.7308000000 286.8825400000 286.9925500000 287.1290000000 287.1712000000 287.1915300000 287.3551900000 287.4141200000 287.4106400000 287.4524800000 287.4274600000 287.4025600000 287.3771900000 287.3880000000 287.4399100000 287.4037200000 287.3476900000 287.2869300000 287.2350200000 287.1188000000 286.9973400000 286.9206200000 286.8490000000 286.7990700000 286.7592200000 286.5856300000 286.4463500000 286.1764500000 285.5849300000 284.8235800000 284.0715900000 283.3984700000 282.8075600000 282.6346700000 283.0703700000 283.6988200000 284.3178700000 284.5141000000 284.1031800000 283.4833100000 283.0837400000 283.2424600000 283.8775900000
285.1038800000 285.3791800000 285.7806400000 286.1904600000 286.4989000000 286.7290000000 286.9036300000 287.0328100000 287.1633900000 287.1930200000 287.2123400000 287.3752100000 287.4240400000 287.3959000000 287.4509900000 287.4008500000 287.3775000000 287.3761900000 287.3880000000 287.4286500000 287.3837300000 287.3085900000 287.2478000000 287.1810000000 287.0616100000 286.9496800000 286.8611800000 286.7712400000 286.7020000000 286.6625700000 286.4894400000 286.3542500000 286.1205700000 285.6097100000 284.9195600000 284.0842900000 283.3601100000 282.6944000000 282.4545600000 282.8869000000 283.5073500000 284.1254900000 284.3540300000 283.9644200000 283.3255300000 282.9142800000 283.0510600000 283.6112100000
284.6176100000 284.9841900000 285.4623100000 285.9803500000 286.3957500000 286.7181700000 286.9046300000 287.0352200000 287.1895400000 287.2197300000 287.2319000000 287.3908400000 287.4245300000 287.3801000000 287.4137900000 287.3697800000 287.3446400000 287.3575700000 287.3509200000 287.3799400000 287.3270600000 287.2508900000 287.1901200000 287.1225300000 287.0200500000 286.8916000000 286.7899200000 286.6568300000 286.5620100000 286.5302700000 286.3731100000 286.2133500000 285.9246800000 285.4022800000 284.7793300000 283.9921000000 283.2653500000 282.5780900000 282.3060600000 282.7002300000 283.3119200000 283.9327100000 284.1870400000 283.8089300000 283.1875300000 282.7756700000 282.8760100000 283.3254700000
284.2471000000 284.8033100000 285.4323400000 286.0008500000 286.4558100000 286.7535700000 286.9408600000 287.0533400000 287.2095900000 287.2398400000 287.2349200000 287.3738700000 287.4064000000 287.3608100000 287.3946800000 287.3601700000 287.3113700000 287.3018200000 287.2883300000 287.3144800000 287.2683700000 287.1706800000 287.0952100000 287.0276200000 286.9264800000 286.7966900000 286.6694900000 286.5037500000 286.3472900000 286.3133500000 286.1966600000 286.0457800000 285.6586600000 285.0410200000 284.4281900000 283.7455400000 283.0888400000 282.4064600000 282.1503300000 282.5216400000 283.1163000000 283.7554000000 284.0116600000 283.6477400000 283.0157500000 282.6508800000 282.7381900000 283.1088000000
284.3594100000 284.9944500000 285.6292400000 286.1718800000 286.5504500000 286.8065500000 286.9709200000 287.0762300000 287.2151800000 287.2399600000 287.2299200000 287.3660900000 287.3886100000 287.3504000000 287.3701800000 287.3245500000 287.2553700000 287.2257100000 287.2116100000 287.2270800000 287.1588100000 287.0762000000 286.9974100000 286.9207200000 286.8195500000 286.6830700000 286.5184000000 286.2865000000 286.0660400000 286.0005800000 285.9491900000 285.8535500000 285.3779300000 284.6263400000 284.0104400000 283.4236800000 282.8315100000 282.2124900000 282.0225200000 282.3653000000 282.9605400000 283.5715600000 283.7365400000 283.3542800000 282.7780200000 282.5379000000 282.6304600000 282.8947100000
284.4455300000 285.0906400000 285.7241800000 286.2771300000 286.6114800000 286.8328900000 286.9868200000 287.0962200000 287.2219200000 287.2225000000 287.2120400000 287.3279400000 287.3365500000 287.2975500000 287.3136600000 287.2510100000 287.1794700000 287.1303400000 287.1161500000 287.1302500000 287.0589600000 286.9786400000 286.8996000000 286.8217200000 286.7191500000 286.5594200000 286.3210400000 285.9858100000 285.6996800000 285.6274100000 285.6663200000 285.6551500000 285.1388200000 284.3130500000 283.6509100000 283.0977800000 282.5354900000 282.0127900000 281.9086000000 282.2608000000 282.8417700000 283.3426500000 283.3619100000 282.9768100000 282.4949300000 282.4040500000 282.6190500000 282.9689900000
284.4226400000 285.0642100000 285.6848800000 286.2401400000 286.5880100000 286.8263900000 286.9766800000 287.0818800000 287.1946700000 287.1926000000 287.1603400000 287.2848200000 287.2867100000 287.2421300000 287.2361500000 287.1559800000 287.0726900000 287.0325000000 287.0015600000 287.0056800000 286.9574900000 286.8640400000 286.7931500000 286.7239100000 286.6029400000 286.4050600000 286.1015900000 285.6583900000 285.3226600000 285.2473800000 285.3650500000 285.4534900000 284.9726900000 284.0812100000 283.3483600000 282.7770100000 282.2185700000 281.7958100000 281.8003800000 282.1798100000 282.7015700000 283.0357700000 282.8819300000 282.5431800000 282.2557700000 282.3177800000 282.6846900000 283.1314700000
284.2384300000 284.8646200000 285.5040900000 286.1076700000 286.5391500000 286.8245500000 286.9625500000 287.0462300000 287.1677200000 287.1547200000 287.1182900000 287.2028500000 287.2130100000 287.1381500000 287.1395000000 287.0352500000 286.9399400000 286.9019800000 286.8678600000 286.8797900000 286.8426500000 286.7497900000 286.6937000000 286.6261000000 286.4826400000 286.2356900000 285.8573300000 285.3274500000 284.9248700000 284.8439600000 285.0166300000 285.2240900000 284.8479600000 283.9508100000 283.1182300000 282.5061000000 281.9586200000 281.5947000000 281.6887500000 282.1073600000 282.5130900000 282.6539300000 282.3663900000 282.1423600000 281.9823300000 282.3432600000 282.8100300000 283.3359400000
284.3830000000 284.8901400000 285.4808000000 286.0670800000 286.5275900000 286.8086200000 286.9440300000 287.0071700000 287.1260400000 287.0997000000 287.0777600000 287.1316800000 287.1268600000 287.0404700000 287.0094900000 286.8941000000 286.7871100000 286.7491500000 286.7309300000 286.7544600000 286.7252800000 286.6460000000 286.5799900000 286.5123900000 286.3633700000 286.0560900000 285.5501700000 284.9482400000 284.5360100000 284.4473900000 284.6573200000 284.9256900000 284.7024800000 283.8661200000 282.9783900000 282.2925700000 281.7581500000 281.3540000000 281.6041600000 281.9954800000 282.2682200000 282.2416700000 281.9386600000 281.7826800000 281.9787300000 282.4527000000 282.9985400000 283.6095900000
284.8201000000 285.2217700000 285.7384900000 286.2316300000 286.5965600000 286.8068500000 286.9132700000 286.9680800000 287.0856300000 287.0469400000 287.0087000000 287.0712900000 287.0542300000 286.9464700000 286.8831800000 286.7059000000 286.5687000000 286.5462000000 286.5567300000 286.6228600000 286.6079400000 286.5319500000 286.4701500000 286.3983800000 286.2456700000 285.9076800000 285.3124700000 284.6659200000 284.2373400000 284.0666800000 284.2572000000 284.5688500000 284.5199300000 283.7805200000 282.8891600000 282.1408400000 281.5792800000 281.1623800000 281.4794900000 281.8364000000 281.9814800000 281.8563500000 281.5805700000 281.6474000000 282.0853000000 282.6127600000 283.2343800000 283.9583700000
285.3288600000 285.6418500000 286.0434000000 286.4263300000 286.6732200000 286.8248300000 286.8946200000 286.9433600000 287.0314600000 286.9992700000 286.9471700000 286.9975900000 286.9705500000 286.8374000000 286.7146000000 286.4551100000 286.2422800000 286.2407500000 286.3064300000 286.4444900000 286.4722600000 286.4146100000 286.3476900000 286.2905300000 286.1295500000 285.8344700000 285.3081400000 284.6233500000 284.0477600000 283.7474700000 283.8262300000 284.1503600000 284.2610200000 283.6786500000 282.8236100000 282.0175200000 281.4183000000 281.0013700000 281.3125000000 281.6289700000 281.6796000000 281.5048500000 281.3310900000 281.6777000000 282.2191500000 282.8024300000 283.5095800000 284.2833300000
285.7967800000 286.0138900000 286.3074600000 286.5744300000 286.7319000000 286.8389300000 286.8804600000 286.9233100000 286.9873700000 286.9492500000 286.9022500000 286.9454300000 286.8969400000 286.7384300000 286.5293300000 286.1597000000 285.8590400000 285.8352700000 285.9675000000 286.2201500000 286.3295000000 286.2708100000 286.2133200000 286.1385200000 285.9846200000 285.7188100000 285.2309300000 284.5268900000 283.8708800000 283.4999400000 283.4368000000 283.6924400000 283.9086300000 283.5217600000 282.7360200000 281.9185500000 281.2718800000 280.8170800000 281.0999500000 281.3756400000 281.3734100000 281.1883900000 281.1970200000 281.7077000000 282.3148500000 282.9933200000 283.7899200000 284.5681200000
286.1277200000 286.2732200000 286.4727500000 286.6717200000 286.7577500000 286.8283700000 286.8628500000 286.8899200000 286.9487000000 286.9124500000 286.8586700000 286.8999300000 286.8372200000 286.6418800000 286.3392900000 285.8668500000 285.4737500000 285.4086600000 285.5721700000 285.9234300000 286.1190800000 286.0739100000 286.0026900000 285.9232200000 285.7912000000 285.5487400000 285.0733000000 284.3657200000 283.6819200000 283.2897000000 283.1191700000 283.2596400000 283.4795200000 283.2653800000 282.6121800000 281.8275800000 281.1481600000 280.5702800000 280.8539700000 281.0762000000 281.0519100000 280.8953600000 281.0819100000 281.6897000000 282.3545500000 283.1091000000 283.9791300000 284.7099300000
286.3215900000 286.4158300000 286.5525500000 286.7012900000 286.7485700000 286.8089600000 286.8434800000 286.8644400000 286.9097600000 286.8756700000 286.8053300000 286.8449400000 286.7722500000 286.5246900000 286.1528900000 285.6024800000 285.1620200000 284.9800400000 285.1622600000 285.5560000000 285.8246200000 285.8265700000 285.7189300000 285.6232600000 285.5266700000 285.3347800000 284.8807700000 284.1642200000 283.4911800000 283.0977800000 282.8577300000 282.8987100000 283.0108000000 282.9064000000 282.4244700000 281.7192700000 281.0315900000 280.4075600000 280.5894500000 280.7558000000 280.7558300000 280.6469100000 280.9959400000 281.6527100000 282.3352700000 283.1445000000 284.0441600000 284.7125200000
286.3723100000 286.4537000000 286.5772400000 286.6924400000 286.7406000000 286.7894300000 286.8239100000 286.8314800000 286.8706400000 286.8202200000 286.7460300000 286.7862500000 286.7036100000 286.4312100000 285.9979900000 285.3852500000 284.8843400000 284.5897500000 284.7515000000 285.1526800000 285.4550500000 285.4852300000 285.3299000000 285.2020300000 285.1738900000 285.0878300000 284.6831400000 283.9624900000 283.3238500000 282.9314300000 282.6492300000 282.5806300000 282.5549900000 282.4563600000 282.1499900000 281.5767800000 280.9144300000 280.2898900000 280.2640700000 280.4201400000 280.3830900000 280.5004600000 280.9462900000 281.5841400000 282.2435000000 283.0735200000 283.9863900000 284.5978100000
286.3590700000 286.4424700000 286.5675400000 286.6846600000 286.7285500000 286.7772500000 286.7950700000 286.7923300000 286.8233600000 286.7629400000 286.6879000000 286.7275700000 286.6415100000 286.3554700000 285.8840000000 285.2344400000 284.6727000000 284.2440200000 284.3331300000 284.7010200000 284.9874900000 285.0236200000 284.8362400000 284.6597900000 284.7168900000 284.8077100000 284.5136100000 283.7928800000 283.1545400000 282.7620800000 282.4570600000 282.3201600000 282.1537800000 281.9898400000 281.7938800000 281.3795500000 280.8050200000 280.2226600000 279.9954200000 280.1251200000 280.1633300000 280.4401600000 280.9029800000 281.5139200000 282.2031600000 283.0268200000 283.9027100000 284.4454000000
286.3390800000 286.4257800000 286.5603600000 286.6628700000 286.7083100000 286.7493900000 286.7669100000 286.7529900000 286.7712400000 286.7106600000 286.6411700000 286.6786500000 286.5828200000 286.2810100000 285.7828700000 285.0918300000 284.4959400000 284.0107700000 283.9370100000 284.2205800000 284.4355200000 284.4691800000 284.2716400000 284.0524000000 284.1695600000 284.4501300000 284.3586100000 283.6858500000 283.0213000000 282.6037600000 282.2872000000 282.0999100000 281.8064000000 281.5574300000 281.3954800000 281.0938400000 280.6335800000 280.0960700000 279.8231500000 279.9304200000 280.1108400000 280.4800100000 280.9716500000 281.5988800000 282.2899200000 283.0963100000 283.8694500000 284.2601000000
