examples/project/rasters/hillslopes.asc
ncols	161
nrows	160
xllcorner	472594.4082732276
yllcorner	4607149.9041403374
cellsize	10.0000000000
NODATA_value	-9999
[rows 114 to 151 of 160, columns 0 to 83 of 161]
1649 1649 1650 1564 1555 1555 1555 1555 1555 1555 1555 1555 1539 1554 1554 1554 1554 1554 1554 1554 1554 1529 1529 1529 1529 1529 1529 1529 1529 1529 1529 1529 1529 1591 1592 1592 1592 1592 1592 1592 1592 1592 1592 1592 1592 1592 1592 1592 1592 1592 1592 1759 1757 1757 1762 1762 1772 1772 1772 1540 1540 1540 1540 1540 1540 1540 1540 1540 1540 1540 1541 1566 1566 1595 1595 1595 1605 1605 1568 1568 1568 1568 1568 1568
1649 1649 1649 1650 1564 1564 1564 1564 1564 1564 1564 1564 1554 1563 1563 1563 1563 1563 1563 1554 1554 1554 1529 1529 1529 1529 1529 1529 1529 1628 1590 1590 1591 1592 1592 1592 1592 1592 1592 1592 1592 1592 1592 1592 1592 1592 1592 1592 1592 1592 1759 1759 1757 1757 1762 1762 1772 1772 1772 1540 1540 1540 1540 1540 1540 1540 1540 1540 1556 1556 1556 1556 1566 1595 1595 1595 1605 1605 1617 1567 1567 1567 1567 1567
1649 1649 1649 1649 1650 1577 1577 1577 1577 1577 1577 1577 1563 1575 1575 1575 1575 1575 1575 1563 1554 1554 1554 1529 1663 1665 1627 1627 1628 1590 1590 1591 1592 1592 1592 1592 1592 1592 1592 1592 1592 1592 1592 1592 1592 1592 1592 1592 1592 1759 1759 1759 1757 1757 1762 1762 1772 1772 1772 1540 1540 1540 1540 1540 1540 1540 1540 1556 1556 1565 1565 1565 1565 1566 1595 1595 1605 1605 1617 1619 1580 1580 1580 1581
1649 1649 1649 1649 1649 1650 1576 1576 1576 1576 1576 1576 1575 1588 1588 1588 1588 1588 1588 1588 1626 1658 1658 1663 1665 1666 1627 1627 1628 1590 1591 1592 1592 1592 1592 1592 1592 1592 1592 1592 1592 1592 1592 1592 1592 1592 1592 1592 1759 1759 1759 1757 1757 1757 1762 1762 1772 1772 1772 1540 1540 1540 1540 1540 1540 1540 1556 1556 1565 1565 1565 1578 1578 1578 1578 1595 1605 1605 1617 1634 1619 1580 1580 1580
1649 1649 1649 1649 1649 1649 1650 1589 1589 1589 1589 1589 1588 1614 1614 1614 1614 1614 1626 1626 1658 1658 1663 1664 1665 1666 1627 1628 1590 1591 1592 1593 1593 1593 1593 1593 1592 1592 1592 1592 1592 1592 1592 1592 1699 1699 1759 1759 1759 1757 1757 1757 1757 1762 1762 1762 1762 1772 1772 1540 1540 1540 1540 1540 1540 1556 1556 1565 1565 1565 1578 1578 1594 1594 1594 1594 1595 1605 1617 1631 1634 1619 1607 1607
1649 1649 1649 1649 1649 1649 1649 1650 1650 1650 1650 1602 1602 1614 1614 1613 1613 1626 1626 1658 1658 1663 1664 1665 1666 1627 1628 1603 1603 1603 1603 1603 1593 1593 1593 1593 1593 1592 1592 1592 1592 1699 1699 1699 1699 1759 1759 1759 1757 1757 1757 1757 1762 1762 1762 1762 1762 1762 1772 1796 1556 1540 1540 1540 1556 1556 1565 1565 1565 1578 1578 1594 1594 1594 1604 1604 1604 1604 1605 1617 1631 1634 1619 1619
1649 1649 1649 1649 1649 1649 1649 1649 1649 1649 1649 1650 1650 1613 1613 1613 1626 1626 1658 1658 1663 1664 1665 1666 1627 1628 1615 1615 1615 1615 1615 1615 1603 1603 1699 1699 1699 1699 1699 1699 1699 1699 1699 1699 1759 1759 1759 1759 1757 1757 1757 1757 1762 1762 1762 1762 1762 1762 1772 1796 1701 1556 1556 1556 1556 1565 1565 1565 1578 1578 1594 1594 1594 1604 1604 1616 1616 1616 1616 1616 1617 1631 1634 1634
1659 1659 1659 1659 1659 1659 1659 1659 1659 1659 1659 1649 1650 1626 1626 1626 1626 1658 1658 1663 1664 1665 1666 1627 1628 1629 1629 1629 1629 1629 1629 1699 1699 1699 1699 1699 1699 1699 1699 1699 1699 1699 1699 1759 1759 1759 1759 1757 1757 1757 1757 1762 1762 1762 1762 1762 1762 1760 1772 1786 1796 1701 1565 1565 1565 1565 1565 1578 1578 1594 1594 1594 1604 1604 1616 1616 1616 1616 1630 1630 1630 1630 1631 1632
1659 1659 1659 1659 1659 1659 1659 1659 1659 1659 1659 1659 1649 1658 1658 1658 1658 1658 1663 1664 1665 1666 1651 1651 1651 1651 1651 1651 1697 1698 1699 1699 1699 1699 1699 1699 1699 1699 1699 1699 1699 1699 1759 1759 1759 1759 1757 1757 1757 1757 1762 1762 1762 1762 1762 1762 1760 1760 1772 1786 1796 1796 1701 1701 1702 1702 1702 1578 1594 1594 1594 1604 1604 1616 1616 1616 1630 1630 1630 1669 1669 1669 1669 1669
1659 1659 1659 1659 1659 1659 1659 1677 1677 1677 1677 1677 1658 1676 1660 1661 1662 1663 1664 1665 1666 1667 1667 1667 1667 1695 1696 1697 1698 1699 1699 1699 1699 1699 1699 1699 1699 1699 1699 1699 1699 1759 1759 1759 1759 1759 1757 1757 1757 1757 1762 1762 1762 1762 1762 1762 1760 1760 1772 1786 1796 1796 1967 1701 1701 1702 1702 1702 1702 1702 1702 1702 1702 1702 1682 1682 1682 1682 1682 1682 1682 1682 1682 1682
1659 1659 1659 1659 1659 1659 1677 1677 1688 1688 1688 1688 1676 1678 1713 1723 1723 1749 1689 1689 1689 1689 1689 1694 1695 1696 1697 1698 1699 1699 1699 1699 1699 1699 1699 1699 1699 1699 1699 1699 1699 1759 1759 1759 1759 1759 1757 1757 1757 1757 1762 1762 1762 1762 1762 1762 1760 1760 1772 1786 1796 1796 1967 1967 1701 1701 1702 1702 1702 1702 1702 1702 1702 1702 1702 1702 1681 1681 1681 1681 1681 1681 1681 1681
1659 1659 1659 1659 1659 1677 1677 1688 1687 1687 1687 1687 1687 1713 1723 1723 1749 1689 1690 1691 1692 1693 1694 1695 1696 1697 1698 1699 1700 1700 1700 1700 1700 1699 1699 1699 1699 1699 1699 1699 1699 1759 1759 1759 1759 1759 1757 1757 1757 1757 1762 1762 1762 1762 1762 1760 1760 1760 1772 1786 1796 1796 1967 1967 1967 1701 1701 1702 1702 1702 1702 1702 1702 1702 1702 1702 1702 1702 1702 1702 1702 1702 1701 1703
1659 1659 1659 1659 1714 1714 1714 1714 1714 1714 1714 1714 1713 1723 1723 1749 1715 1755 1755 1755 1755 1755 1755 1755 1755 1755 1755 1755 1755 1755 1700 1700 1700 1700 1699 1699 1699 1699 1699 1699 1699 1758 1759 1759 1759 1759 1757 1757 1757 1761 1762 1762 1762 1762 1760 1760 1760 1772 1786 1786 1796 1796 1966 1967 1967 1967 1701 1701 1701 1701 1701 1701 1701 1701 1701 1701 1701 1701 1701 1701 1701 1701 1728 1728
1659 1724 1724 1724 1724 1724 1724 1724 1724 1724 1724 1724 1723 1733 1749 1725 1755 1755 1755 1755 1755 1755 1755 1755 1755 1755 1755 1755 1755 1755 1755 1700 1700 1700 1700 1699 1699 1699 1699 1699 1785 1771 1758 1759 1759 1759 1757 1757 1757 1761 1762 1762 1762 1760 1760 1760 1772 1786 1786 1786 1796 1796 1966 1966 1967 1967 1967 1701 1701 1701 1701 1701 1701 1701 1701 1701 1701 1701 1701 1701 1738 1738 1738 1738
1734 1734 1734 1734 1734 1734 1734 1734 1734 1734 1734 1734 1733 1749 1735 1755 1756 1768 1768 1768 1768 1768 1768 1768 1755 1755 1755 1755 1755 1755 1755 1755 1700 1700 1700 1700 1699 1699 1768 1781 1795 1785 1771 1758 1759 1759 1757 1757 1770 1773 1761 1762 1762 1760 1760 1772 1786 1786 1786 1796 1796 1877 1966 1966 1966 1967 1967 1865 1701 1701 1701 1701 1701 1701 1701 1701 1701 1701 1701 1737 1737 1737 1737 1737
1748 1748 1748 1748 1748 1748 1748 1748 1748 1748 1748 1748 1748 1749 1755 1756 1768 1768 1768 1768 1768 1768 1768 1768 1768 1768 1768 1768 1768 1768 1768 1768 1768 1768 1768 1768 1768 1768 1781 1852 1795 1795 1785 1771 1758 1759 1757 1770 1784 1810 1773 1761 1762 1760 1772 1786 1786 1786 1796 1796 1830 1877 1966 1966 1966 1966 1967 1865 1865 1701 1701 1701 1701 1701 1701 1701 1701 1701 1737 1737 1737 1737 1750 1750
1840 1840 1769 1769 1769 1769 1769 1769 1769 1769 1769 1769 1769 1755 1756 1768 1781 1781 1781 1781 1781 1781 1781 1781 1781 1781 1781 1781 1781 1781 1781 1781 1781 1781 1781 1781 1781 1781 1852 1875 1795 1795 1795 1785 1771 1757 1770 1784 1818 1810 1810 1773 1760 1772 1786 1786 1786 1796 1796 1830 1830 1877 1966 1966 1966 1966 1967 1865 1865 1865 1865 1701 1701 1701 1701 1701 1701 1737 1737 1737 1737 1750 1776 1776
1840 1840 1840 1840 1783 1783 1783 1783 1783 1783 1783 1783 1783 1768 1768 1781 1794 1794 1794 1794 1794 1794 1794 1794 1794 1794 1794 1794 1794 1794 1794 1794 1794 1794 1794 1794 1794 1852 1875 1875 1795 1795 1795 1795 1785 1770 1784 1818 1818 1810 1810 1810 1772 1786 1796 1796 1796 1796 1830 1830 1877 1928 1966 1966 1966 1966 1967 1865 1865 1865 1865 1865 1865 1866 1701 1701 1737 1737 1737 1737 1775 1775 1775 1775
1840 1840 1840 1840 1840 1840 1840 1782 1782 1782 1782 1782 1782 1781 1781 1794 1816 1816 1816 1816 1816 1816 1816 1816 1816 1852 1852 1852 1852 1852 1852 1852 1852 1852 1852 1852 1852 1852 1875 1875 1937 1795 1795 1795 1795 1784 1818 1818 1818 1809 1810 1810 1786 1796 1819 1819 1819 1830 1830 1877 1928 1938 1966 1966 1966 1966 1967 1865 1865 1865 1865 1865 1865 1865 1866 1911 1911 1912 1821 1787 1787 1787 1787 1787
1840 1840 1840 1840 1840 1840 1840 1840 1807 1807 1807 1807 1807 1794 1794 1816 1827 1827 1827 1827 1827 1827 1827 1852 1852 1852 1852 1852 1852 1852 1852 1852 1852 1852 1852 1852 1852 1875 1875 1875 1937 1937 1863 1808 1808 1795 1818 1818 1841 1842 1809 1810 1796 1819 1830 1830 1830 1830 1877 1928 1938 1947 1966 1966 1966 1966 1967 1865 1865 1865 1865 1865 1865 1865 1865 1866 1911 1911 1912 1821 1821 1821 1821 1821
1840 1840 1840 1840 1840 1840 1840 1840 1840 1817 1817 1817 1817 1807 1816 1827 1839 1839 1839 1839 1839 1852 1852 1852 1852 1852 1852 1852 1852 1852 1852 1852 1852 1852 1852 1875 1875 1875 1875 1875 1937 1937 1937 1863 1829 1808 1818 1841 1855 1908 1842 1809 1819 1830 1830 1830 1830 1877 1928 1938 1947 1956 1966 1966 1966 1966 1967 1865 1865 1865 1865 1865 1865 1865 1865 1865 1866 1911 1911 1912 1821 1821 1821 1821
1840 1840 1840 1840 1840 1840 1840 1840 1840 1840 1828 1828 1828 1816 1827 1839 1839 1839 1839 1851 1852 1852 1852 1852 1852 1852 1852 1852 1852 1852 1852 1852 1875 1875 1875 1875 1875 1875 1875 1875 1937 1937 1937 1937 1863 1829 1818 1841 1855 1908 1842 1819 1830 1856 1864 1864 1877 1928 1938 1947 1956 1966 1966 1966 1966 1966 1967 1865 1865 1865 1865 1865 1865 1865 1865 1865 1866 1911 1911 1911 1912 1820 1820 1820
1840 1840 1840 1840 1840 1840 1840 1840 1840 1840 1840 1840 1840 1827 1839 1839 1851 1851 1851 1852 1852 1852 1852 1852 1852 1852 1852 1852 1874 1875 1875 1875 1875 1875 1875 1875 1875 1875 1875 1875 1937 1937 1937 1937 1937 1863 1829 1841 1855 1908 1842 1830 1856 1864 1877 1877 1928 1938 1947 1956 1966 1966 1966 1966 1966 1966 1967 1865 1865 1865 1865 1865 1865 1865 1865 1865 1866 1911 1911 1911 1911 1912 1832 1832
1840 1840 1854 1854 1854 1854 1854 1854 1854 1854 1854 1854 1854 1839 1851 1851 1852 1852 1852 1852 1852 1852 1852 1852 1852 1852 1873 1874 1875 1875 1875 1875 1875 1875 1875 1875 1875 1875 1875 1875 1937 1937 1937 1937 1937 1937 1863 1841 1855 1908 1842 1856 1864 1877 1897 1928 1938 1947 1956 1966 1966 1966 1966 1966 1966 1966 1967 1967 1865 1865 1865 1865 1865 1865 1865 1865 1866 1911 1911 1911 1911 1911 1912 1857
1854 1854 1854 1854 1854 1853 1853 1853 1853 1853 1853 1853 1853 1851 1852 1852 1852 1852 1852 1852 1852 1852 1852 1852 1852 1873 1874 1875 1875 1875 1875 1875 1875 1875 1875 1875 1875 1875 1875 1937 1937 1937 1937 1937 1937 1937 1937 1863 1855 1908 1856 1864 1877 1897 1928 1938 1947 1956 1966 1966 1966 1966 1966 1966 1966 1966 1967 1967 1865 1865 1865 1865 1865 1865 1865 1865 1865 1866 1911 1911 1911 1911 1911 1912
1862 1862 1862 1862 1862 1862 1862 1862 1862 1862 1862 1862 1862 1861 1861 1861 1861 1861 1861 1861 1861 1861 1861 1894 1873 1874 1875 1875 1875 1875 1875 1875 1875 1875 1875 1875 1875 1875 1875 1946 1937 1937 1937 1937 1937 1937 1937 1876 1863 1908 1864 1877 1897 1928 1938 1947 1956 1956 1966 1966 1966 1966 1966 1966 1966 1967 1967 1967 1865 1865 1865 1865 1865 1865 1865 1865 1865 1865 1865 1911 1911 1911 1911 1911
1890 1890 1890 1890 1890 1890 1890 1890 1890 1890 1890 1890 1890 1872 1889 1889 1889 1889 1889 1889 1889 1893 1894 1873 1874 1875 1875 1875 1875 1875 1875 1875 1875 1875 1875 1875 1875 1875 1875 1946 1946 1946 1946 1946 1937 1937 1937 1937 1876 1908 1877 1897 1928 1938 1947 1956 1956 1966 1966 1966 1966 1966 1966 1966 1967 1967 1967 1967 1967 1865 1865 1865 1865 1865 1865 1878 1878 1878 1878 1878 1879 1880 1881 1911
1925 1925 1925 1925 1925 1925 1925 1925 1905 1905 1905 1905 1905 1889 1904 1904 1904 1904 1891 1892 1893 1894 1895 1895 1895 1895 1895 1895 1895 1895 1895 1895 1895 1875 1875 1875 1875 1875 1875 1946 1946 1946 1946 1946 1946 1937 1937 1937 1896 1908 1897 1928 1938 1947 1956 1956 1978 1966 1966 1966 1966 1966 1966 1967 1967 1967 1967 1967 1967 2051 1865 1865 1865 1865 1878 1878 1948 1948 1948 1948 1898 1898 1898 1898
-9999 1925 1925 1925 1925 1925 1925 1925 1925 1925 1925 1925 1925 1904 1922 1922 1922 1906 1943 1943 1943 1943 1943 1943 1943 1895 1895 1895 1895 1895 1895 1895 1895 1895 1875 1875 1875 1875 2048 1955 1946 1946 1946 1946 1946 1946 1937 1937 1907 1908 1928 1938 1947 1956 1965 1978 2016 1966 1966 1966 1966 1966 1967 1967 1967 1967 1967 1967 1967 2051 1948 1865 1865 1878 1878 1948 1948 1948 1948 1948 1948 1909 1909 1909
-9999 1924 1924 1924 1924 1924 1924 1924 1924 1924 1924 1924 1924 1922 1923 1923 1926 1943 1943 1943 1943 1943 1943 1943 1943 1943 1895 1895 1895 1895 1895 1895 1895 1895 1895 1875 1875 1875 2048 2048 1955 1955 1955 1955 1955 1955 1946 1937 1927 1928 1938 1947 1956 1965 1978 2016 1968 1966 1966 1966 1966 1967 1967 1967 1967 1967 1967 1967 2051 2051 1982 1948 1948 1948 1948 1948 1948 1948 1948 1948 1948 1948 1939 1939
-9999 1945 1945 1945 1945 1945 1945 1945 1945 1945 1945 1945 1945 1934 1935 1936 1943 1943 1943 1943 1943 1943 1943 1943 1943 1943 1943 1895 1895 1895 1895 1895 1895 1895 1895 1895 1875 2048 2048 2048 2048 1964 1964 1964 1964 1964 1955 1946 1937 1938 1947 1956 1965 1978 2016 2016 1968 1966 1966 1966 1967 1967 1967 1967 1967 1967 1967 2051 2051 2051 2051 1982 1982 1982 1958 1948 1948 1948 1948 1948 1948 1948 1948 1948
-9999 -9999 1944 1944 1944 1944 1944 1944 1944 1944 1944 1944 1944 1943 1943 1943 1943 1943 1943 1943 1943 1943 1943 1943 1943 1943 1943 1943 1943 1895 1895 1895 1895 1895 1895 1895 2086 2048 2048 2048 2048 2048 2048 1977 1977 1977 1964 1955 1946 1947 1956 1965 1978 2016 2016 1995 1968 1966 1966 1967 1967 1967 1967 1967 1967 1967 2051 2051 2051 2051 2051 1982 1982 1982 1982 1958 1958 1958 1958 1958 1958 1958 1958 1958
-9999 -9999 1975 1975 1975 1975 1975 1975 1976 1954 1954 1954 1954 1953 1953 1953 1973 1973 1973 1973 1973 1973 1973 1973 1973 1973 1973 1973 1973 1973 1973 1973 1973 1895 1895 1974 2086 2073 2048 2048 2048 2048 2048 2048 2004 1993 1977 1964 1955 1956 1965 1978 2016 2016 2016 1995 1968 1966 1967 1967 1967 1967 1967 1967 1967 2051 2051 2051 2051 2051 2051 1982 1982 1982 1982 1982 1982 1982 1982 1982 1982 1982 1982 1982
-9999 -9999 1975 1975 1975 1975 1975 1975 1975 1976 1976 1976 1976 1963 1973 1973 1974 1974 1974 1974 1974 1974 1974 1974 1974 1974 1974 1974 1974 1974 1974 1974 1974 1974 1974 2081 2086 2073 2073 2048 2048 2048 2048 2048 2048 2004 1993 1977 1964 1965 1978 2016 2016 2016 1995 1979 1966 1967 1967 1967 1967 1967 1967 1967 2051 2051 2051 2051 2051 2051 2051 1982 1982 1982 1982 1982 1982 1982 1982 1982 1982 1982 1982 1982
-9999 -9999 1975 1975 1975 1975 1975 1975 1975 1975 1975 1975 1975 1973 1974 1974 1974 1974 1974 1974 1974 1974 1974 1974 1974 1974 1974 1974 1974 1974 1974 1974 1974 1974 2081 2081 2086 2073 2073 2073 2048 2048 2048 2048 2048 2048 2004 1993 1977 1978 2005 2016 2016 1995 1979 1980 1980 1980 1980 1980 1980 1980 1967 2051 2051 2051 2051 2051 2051 2051 2051 2036 1999 1999 1999 1999 1999 1999 1999 1999 1999 1999 1999 1999
-9999 -9999 -9999 1992 1992 1992 1992 1992 1992 1992 1992 1992 1992 1991 1991 1991 2012 2013 2013 2013 2013 2013 2013 2013 2013 2013 2013 2013 2013 2013 2013 2013 2013 2081 2081 2081 2086 2086 2073 2073 2073 2048 2048 2048 2048 2048 2048 2004 1993 1994 2005 2016 1995 1996 1996 1996 1996 1996 1996 1996 1996 1996 2051 2051 2051 2051 2051 2051 2051 2051 2051 2036 2036 2036 2036 2036 1998 1998 1998 1998 1998 1998 1998 1998
-9999 -9999 -9999 2014 2014 2014 2014 2014 2014 2014 2014 2014 2014 2003 2012 2012 2013 2023 2023 2023 2023 2023 2023 2023 2013 2013 2013 2013 2013 2013 2013 2023 2081 2081 2081 2081 2086 2086 2086 2073 2073 2073 2048 2048 2048 2048 2048 2048 2004 2005 2016 2006 2006 2006 2006 2006 2006 2006 2006 2006 2049 2051 2051 2051 2051 2051 2051 2051 2051 2051 2036 2036 2036 2036 2036 2036 2036 2029 2029 2029 2029 2007 2007 2007
-9999 -9999 -9999 2041 2025 2025 2025 2025 2025 2025 2025 2025 2025 2012 2013 2013 2023 2023 2023 2023 2023 2023 2023 2023 2023 2023 2023 2023 2023 2023 2023 2081 2081 2081 2081 2081 2086 2086 2086 2086 2073 2073 2073 2073 2048 2048 2048 2048 2015 2016 2017 2017 2017 2017 2017 2017 2017 2017 2017 2049 2049 2051 2051 2051 2051 2051 2051 2051 2051 2051 2036 2036 2036 2036 2036 2036 2036 2036 2029 2029 2029 2029 2029 2029
