examples/project/rasters/hillslopes.asc
ncols	161
nrows	160
xllcorner	472594.4082732276
yllcorner	4607149.9041403374
cellsize	10.0000000000
NODATA_value	-9999
[rows 38 to 75 of 160, columns 0 to 83 of 161]
393 393 393 393 393 393 553 552 519 503 503 495 495 469 461 481 481 481 481 481 481 481 533 533 533 484 471 472 470 483 483 536 536 536 536 536 536 536 534 624 624 624 624 505 505 505 462 462 462 462 462 462 462 462 473 473 473 473 497 463 463 463 488 488 488 488 491 478 478 478 465 475 475 475 475 475 475 429 428 383 431 431 431 431
393 393 393 393 577 553 552 554 529 519 503 503 495 469 481 481 481 481 481 481 494 558 533 533 533 533 484 470 483 496 504 536 536 536 536 536 536 536 534 624 624 624 624 505 505 505 505 505 505 505 505 487 487 487 473 485 486 497 497 489 489 474 488 488 488 488 513 491 491 477 475 476 476 476 476 476 476 476 476 524 648 648 648 648
606 606 606 577 577 553 552 554 529 528 519 503 495 481 482 482 482 482 482 494 596 558 558 533 533 533 533 483 496 504 520 536 536 536 536 536 536 534 534 624 624 624 624 522 505 505 505 505 505 505 505 505 505 506 485 486 497 497 497 541 499 488 498 498 498 498 511 513 513 491 490 490 490 490 490 490 490 490 510 524 648 648 648 648
606 606 577 577 577 553 552 554 529 528 519 503 494 494 494 494 494 494 494 518 596 558 558 558 533 533 533 496 504 520 532 560 536 536 536 536 534 534 534 624 624 624 624 538 522 505 505 505 505 505 505 505 505 506 497 497 497 497 541 541 541 498 507 507 507 543 544 511 512 513 500 500 500 500 500 500 500 500 510 524 648 648 648 648
606 606 594 577 577 553 552 554 529 528 519 503 518 518 518 518 518 518 518 518 596 558 558 558 558 533 533 504 520 532 557 560 560 536 536 534 534 534 624 624 624 624 624 624 538 522 522 522 522 522 522 522 522 505 521 537 582 582 541 541 541 507 508 508 508 571 543 544 511 510 510 510 510 510 510 510 510 510 524 524 648 648 648 648
606 606 591 594 577 553 552 554 529 528 518 518 518 518 518 518 518 518 518 518 596 579 558 558 558 558 533 520 532 557 578 560 560 536 534 534 534 535 624 624 624 624 624 624 562 538 538 538 538 538 538 538 538 521 537 582 582 563 565 541 523 523 509 509 587 587 571 543 544 524 524 524 524 524 524 524 524 524 524 542 648 648 648 648
606 606 591 594 577 553 552 554 528 530 530 530 530 518 518 518 518 518 518 658 596 579 579 579 579 579 558 532 557 578 610 559 560 534 535 535 535 580 624 624 624 624 624 624 561 562 562 562 562 562 562 562 562 537 582 582 563 567 565 539 539 539 539 601 601 587 587 571 542 542 542 542 524 524 524 524 524 524 542 730 730 730 730 730
606 606 591 594 577 552 554 555 555 555 531 530 530 530 518 518 518 518 767 658 639 596 579 579 579 579 579 557 578 616 610 597 559 580 580 580 580 623 625 624 624 624 624 624 624 561 561 561 561 561 561 561 561 561 582 563 564 565 568 568 540 540 614 614 601 601 587 570 570 542 542 542 542 542 542 542 542 542 730 730 730 730 730 730
606 606 591 594 576 576 576 576 556 555 555 531 530 530 530 518 530 767 767 767 658 639 596 596 596 596 596 578 609 616 610 597 580 581 623 623 623 625 625 624 624 624 624 624 624 583 583 583 583 583 583 583 583 582 584 584 584 584 566 569 568 620 620 614 614 601 585 585 585 570 542 542 542 542 542 542 542 730 730 730 730 730 730 730
606 604 591 592 592 592 592 576 576 556 555 555 531 530 530 530 576 767 767 767 767 658 639 595 595 595 595 595 609 616 610 597 617 623 680 680 680 625 625 624 624 624 624 624 624 598 598 598 598 598 598 598 598 598 611 611 611 611 611 611 629 629 620 620 614 599 599 586 586 586 586 542 542 542 542 542 542 730 730 730 730 730 730 730
604 607 607 607 593 592 592 592 576 576 556 555 555 531 531 576 766 766 767 767 767 767 658 639 639 639 639 639 609 616 610 617 623 680 680 680 659 640 625 624 624 624 624 624 624 642 612 612 612 612 612 612 612 611 627 627 626 626 626 686 686 629 629 620 613 613 600 600 586 586 586 586 542 542 542 542 730 730 730 730 730 730 730 730
605 605 608 607 607 593 592 592 592 576 576 556 555 576 576 899 766 766 766 767 767 767 767 658 639 639 639 639 639 616 617 623 680 680 680 679 659 640 625 624 624 624 624 624 681 792 642 618 618 618 618 618 618 618 627 626 641 660 661 686 686 686 629 619 619 619 619 600 600 586 586 586 586 542 542 730 730 730 730 730 730 730 730 730
605 605 608 608 607 607 593 592 592 592 576 576 576 576 899 899 766 766 766 766 767 767 767 767 658 639 639 639 639 639 623 680 680 680 679 693 659 640 624 681 681 681 681 681 792 792 792 642 642 642 642 642 642 642 626 641 660 661 686 686 686 686 628 628 628 619 619 619 600 600 586 586 586 586 730 730 730 730 730 730 730 730 730 730
605 605 605 608 608 607 607 593 592 592 592 899 899 899 899 807 807 766 766 766 766 767 767 767 767 658 658 658 658 658 639 680 680 679 693 703 659 640 681 681 681 681 681 681 792 792 792 792 663 663 663 663 663 663 641 660 661 698 686 686 686 665 643 643 628 628 619 619 619 600 600 586 586 730 730 730 730 730 730 730 730 730 730 730
605 605 605 605 608 608 607 607 593 592 899 899 899 899 899 807 807 807 766 766 766 766 767 767 767 767 657 657 657 657 657 680 679 693 703 696 659 681 681 681 681 681 681 682 792 792 792 792 792 662 662 662 662 662 660 661 698 706 686 686 687 664 664 644 643 628 628 619 619 619 600 600 730 730 730 730 730 730 730 730 760 760 760 760
605 605 605 605 605 608 608 607 607 929 899 899 899 899 807 807 807 807 807 766 766 766 766 767 767 767 767 694 694 694 694 679 693 703 715 696 681 682 682 682 682 682 682 792 792 792 792 792 792 792 683 683 683 683 683 698 697 706 711 700 684 684 684 664 644 643 628 628 619 619 619 600 730 730 730 730 730 730 730 730 760 760 760 760
605 605 605 605 605 605 608 608 929 929 899 899 899 899 807 807 807 807 807 807 766 766 766 766 767 767 767 724 725 716 704 693 703 715 717 695 695 695 695 695 695 695 705 792 792 792 792 792 792 792 792 792 709 709 709 697 706 726 711 699 699 685 684 684 664 644 643 628 628 619 619 739 729 730 730 730 730 730 728 728 760 760 760 760
605 605 605 605 605 605 605 929 929 929 899 899 899 899 807 807 807 807 807 807 807 766 766 766 766 767 767 767 724 725 716 703 715 717 705 705 705 705 705 705 705 705 794 794 792 792 792 792 792 792 792 792 792 708 708 706 707 726 710 710 710 699 685 684 684 664 644 643 628 628 643 739 739 729 730 730 730 728 728 728 728 760 760 760
605 605 605 605 605 605 929 929 929 929 899 899 899 899 807 807 807 807 807 807 807 807 807 766 766 766 767 767 767 724 725 715 717 718 718 718 718 718 718 718 718 951 794 794 794 792 792 792 792 792 792 792 792 792 719 719 726 720 720 720 710 710 699 685 684 684 664 644 643 643 739 739 739 739 729 730 728 738 738 738 738 783 760 760
-9999 -9999 -9999 -9999 -9999 -9999 929 929 929 899 899 899 899 899 900 807 807 807 807 807 807 807 807 807 791 778 766 767 767 767 724 724 735 735 735 735 735 735 735 735 736 951 808 794 794 794 792 792 792 792 792 792 792 792 792 726 727 727 727 720 720 710 710 699 685 684 684 664 664 664 747 739 739 739 739 728 738 748 780 780 780 782 783 760
-9999 -9999 -9999 -9999 -9999 946 946 929 929 899 899 899 899 899 900 807 807 807 807 807 807 807 807 807 807 791 778 766 767 767 767 735 736 736 736 736 736 736 736 736 951 951 808 808 794 794 794 792 792 792 792 792 792 792 792 737 737 737 727 727 720 720 710 710 699 685 684 684 684 747 876 750 750 750 750 738 748 780 780 780 780 782 782 783
-9999 -9999 -9999 -9999 1209 946 946 929 899 899 899 899 899 899 900 982 807 807 807 807 807 807 807 807 807 807 791 778 766 767 767 745 745 745 745 745 745 745 745 776 951 951 808 808 808 794 794 794 792 792 792 792 792 792 746 746 746 746 746 727 727 720 720 710 710 699 747 747 747 876 876 750 749 749 749 748 780 780 780 780 780 782 782 782
-9999 -9999 -9999 1209 1209 946 946 929 899 899 899 899 899 900 900 900 982 807 807 807 807 807 807 807 807 807 807 791 778 766 767 756 756 756 756 756 756 756 776 951 951 951 843 808 808 808 794 794 792 792 792 792 792 757 757 747 747 747 747 747 747 727 720 747 747 747 747 874 876 876 849 849 759 759 759 759 780 780 780 780 814 800 782 782
1209 1209 1209 1209 1209 965 946 929 899 899 899 899 899 900 900 900 900 982 807 807 807 807 807 807 807 807 807 807 791 778 766 776 776 776 776 776 776 776 951 951 951 951 867 843 808 808 808 793 794 792 792 792 768 768 758 758 747 747 747 747 747 747 747 747 747 747 874 876 879 850 849 851 812 812 781 769 780 780 780 780 814 814 800 782
1209 1209 1209 1209 998 965 946 929 899 899 899 899 899 900 900 900 900 982 967 807 807 807 807 807 807 807 807 807 807 791 776 777 777 777 777 777 777 951 951 951 951 951 867 867 843 826 826 808 793 794 792 779 779 779 779 758 758 747 747 747 747 747 747 747 747 874 876 879 848 850 849 851 829 812 812 780 797 797 797 797 814 814 814 800
1209 1209 1209 1209 998 965 946 929 899 899 899 899 899 900 900 900 900 982 982 967 967 967 967 967 967 967 967 967 967 807 790 790 790 790 790 790 790 951 951 951 951 951 951 867 843 843 826 826 808 792 795 795 795 795 795 779 758 758 747 747 747 747 747 747 874 876 877 879 848 850 849 851 830 829 812 797 798 798 798 798 814 814 814 814
1209 1209 1209 1209 998 965 946 929 929 899 899 899 899 900 900 900 900 982 982 982 967 967 967 967 967 967 967 967 967 967 806 806 806 806 806 806 806 951 951 951 951 951 932 867 867 843 843 826 808 809 810 796 796 796 796 796 796 846 847 847 847 870 872 875 874 876 877 879 848 850 849 851 830 829 811 811 811 811 811 811 833 833 833 833
1209 1209 1209 1209 998 965 946 946 929 929 899 899 899 900 900 900 898 928 982 982 982 967 967 967 967 967 967 967 967 967 824 824 824 824 824 824 985 951 951 951 951 951 932 903 867 867 843 825 825 825 809 827 828 828 828 828 846 847 847 847 870 872 873 875 874 876 877 879 848 850 849 851 829 831 831 831 811 811 811 811 856 856 856 856
1209 1209 1209 1209 998 965 965 946 946 929 929 899 899 900 900 898 928 945 982 982 982 982 967 967 967 967 967 967 967 967 841 841 841 841 841 1043 985 985 951 951 951 951 932 903 903 867 842 842 842 825 825 809 827 844 845 846 847 847 847 870 872 873 873 875 874 876 877 879 848 849 851 853 853 853 832 831 831 811 811 811 884 884 884 884
1209 1209 1209 1209 998 965 965 965 946 946 929 929 899 900 898 928 945 979 982 982 982 982 982 967 967 967 967 967 967 967 864 864 864 901 1043 1043 985 985 970 951 951 951 932 931 903 865 865 865 842 842 825 825 809 827 844 845 868 869 870 872 873 873 873 874 876 877 879 881 881 881 881 852 854 853 853 832 831 831 811 811 937 937 937 909
1209 1209 1209 1230 998 999 965 965 965 946 946 946 929 898 928 945 979 979 1083 982 982 982 982 982 967 967 967 967 967 967 901 901 901 966 1043 1043 985 985 983 970 951 951 932 931 902 902 866 865 865 842 842 825 809 827 827 844 845 868 869 871 904 905 906 906 906 906 878 880 882 881 881 881 852 854 853 853 832 831 831 954 937 937 937 937
1209 1209 1209 1230 998 999 999 965 965 965 965 965 946 928 945 979 979 1017 1083 982 982 982 982 982 982 967 967 967 967 967 930 930 966 1043 1043 1003 1001 985 983 970 948 951 931 933 933 935 935 935 935 865 842 842 825 827 827 827 845 868 869 871 871 904 905 907 906 906 906 878 880 882 881 881 881 852 854 853 853 832 1060 954 954 954 954 954
1209 1209 1209 1230 1230 998 999 999 965 965 965 965 965 945 979 979 1017 1057 1083 1083 982 982 982 982 982 982 967 967 967 967 947 966 980 1043 1043 1003 1001 985 983 970 948 949 949 949 934 933 952 952 952 952 952 952 990 825 827 827 827 868 869 871 871 904 905 905 907 906 906 906 878 880 882 881 881 881 852 854 853 1060 1060 953 953 953 953 953
1209 1209 1209 1230 1230 1041 998 999 999 999 999 999 999 965 979 1017 1042 1057 1083 1083 1083 982 982 982 982 982 982 982 982 982 966 980 980 1043 1043 1003 1001 985 983 968 968 968 950 949 949 933 933 971 971 971 971 990 990 990 1009 1010 1010 1010 1010 869 871 904 905 905 905 907 906 906 906 878 882 882 881 881 1060 1060 1060 1060 1060 992 992 992 992 992
1209 1209 1209 1230 1230 1041 1041 998 999 999 999 999 999 999 979 1017 1042 1057 1083 1083 1083 1071 981 981 981 981 981 981 981 981 980 1000 1044 1043 1043 1003 1001 983 986 986 969 968 968 950 949 933 933 933 988 990 990 990 990 1009 1010 1010 1010 1010 1010 1010 1010 1010 904 905 905 905 907 906 906 906 882 882 882 1060 1060 1060 1060 1060 1060 991 991 991 991 991
1209 1209 1209 1230 1230 1230 1041 1041 998 998 998 998 998 998 998 1017 1042 1057 1083 1083 1083 1093 1071 1019 1019 1019 1019 1019 1019 1019 1019 1000 1044 1043 1043 1001 1004 1004 984 987 986 969 968 968 949 933 933 933 989 988 1006 1008 1009 1010 1010 1010 1010 1010 1010 1010 1010 1010 1030 1030 1030 1030 1030 1030 1030 1030 906 1060 1060 1060 1060 1060 1060 1060 1060 991 991 991 991 1032
1209 1209 1209 1230 1230 1230 1041 1041 1041 1041 1041 1041 1041 1041 1041 1017 1042 1057 1083 1083 1083 1093 1071 1071 1071 1071 1071 1071 1018 1018 1018 1018 1044 1043 1020 1020 1002 1005 1004 984 987 986 969 968 949 933 933 933 989 988 1007 1006 1022 1023 1024 1025 1026 1027 1028 1029 1030 1030 1030 1030 1030 1030 1030 1030 1030 1030 1060 1060 1060 1060 1060 1060 1060 1060 1060 1060 1031 1031 1031 1031
1209 1209 1209 1230 1230 1230 1230 1041 1041 1041 1041 1041 1041 1041 1041 1041 1041 1057 1083 1083 1083 1093 1098 1098 1098 1098 1098 1098 1071 1072 1073 1073 1043 1045 1045 1021 1020 1002 1005 1004 984 987 986 968 949 933 933 933 989 988 1007 1006 1022 1046 1023 1024 1025 1026 1027 1028 1029 1047 1048 1049 1049 1049 1049 1049 1060 1060 1060 1060 1060 1060 1060 1060 1060 1060 1060 1062 1062 1062 1062 1062
