examples/project/rasters/hillslopes.asc
ncols	161
nrows	160
xllcorner	472594.4082732276
yllcorner	4607149.9041403374
cellsize	10.0000000000
NODATA_value	-9999
[rows 76 to 113 of 160, columns 0 to 83 of 161]
1209 1209 1209 1230 1230 1230 1230 1230 1041 1041 1041 1041 1041 1041 1056 1056 1056 1056 1057 1083 1083 1093 1093 1098 1098 1098 1098 1098 1098 1071 1072 1073 1058 1058 1058 1058 1021 1020 1002 1005 1004 984 987 986 949 933 933 933 989 988 1007 1006 1022 1046 1059 1023 1024 1025 1026 1027 1029 1029 1047 1048 1060 1060 1060 1060 1060 1060 1060 1060 1060 1060 1060 1060 1060 1060 1060 1060 1076 1076 1076 1076
1209 1209 1209 1230 1230 1230 1230 1230 1230 1041 1041 1041 1041 1056 1056 1069 1069 1069 1069 1069 1083 1093 1093 1097 1097 1097 1097 1097 1097 1098 1071 1070 1070 1070 1058 1058 1058 1021 1020 1002 1005 1004 984 987 986 933 933 933 989 988 1007 1006 1022 1046 1074 1059 1059 1059 1025 1026 1029 1029 1047 1048 1048 1061 1061 1061 1061 1061 1061 1060 1060 1060 1060 1060 1060 1060 1060 1060 1087 1087 1087 1087
1209 1209 1209 1230 1230 1230 1230 1230 1230 1230 1230 1056 1056 1056 1069 1069 1069 1096 1096 1096 1083 1093 1093 1097 1097 1097 1097 1097 1097 1097 1098 1084 1084 1070 1070 1070 1070 1058 1021 1020 1002 1132 1132 1133 1133 1136 1140 933 989 1007 1006 1006 1022 1046 1074 1085 1059 1059 1059 1059 1026 1029 1047 1048 1048 1048 1061 1061 1061 1061 1061 1060 1060 1060 1060 1060 1060 1060 1060 1060 1102 1102 1102 1102
1209 1209 1209 1211 1211 1211 1211 1230 1230 1230 1230 1230 1230 1230 1069 1069 1096 1095 1095 1095 1093 1094 1116 1154 1097 1097 1109 1109 1109 1109 1097 1107 1107 1107 1107 1107 1107 1107 1058 1131 1132 1132 1133 1133 1136 1140 1140 1142 1143 1143 1006 1022 1022 1046 1074 1085 1099 1059 1059 1059 1059 1026 1047 1048 1048 1048 1048 1061 1061 1061 1061 1060 1060 1060 1060 1060 1060 1060 1060 1145 1145 1145 1145 1145
1209 1209 1209 1211 1211 1211 1211 1211 1230 1230 1230 1230 1230 1230 1230 1230 1127 1127 1127 1127 1106 1116 1154 1177 1177 1178 1155 1118 1118 1108 1107 1117 1128 1128 1128 1128 1158 1130 1131 1132 1132 1133 1133 1136 1138 1140 1142 1143 1143 1166 1166 1167 1046 1046 1074 1085 1100 1099 1059 1059 1059 1099 1099 1048 1048 1048 1048 1048 1061 1061 1258 1258 1258 1258 1258 1258 1258 1236 1236 1169 1169 1169 1170 1144
1209 1209 1209 1211 1211 1211 1211 1211 1211 1230 1230 1230 1230 1230 1230 1230 1230 1127 1127 1127 1127 1116 1154 1177 1177 1178 1178 1155 1156 1118 1117 1128 1128 1128 1128 1158 1158 1130 1131 1132 1133 1133 1133 1136 1138 1140 1142 1143 1143 1166 1167 1167 1167 1167 1085 1100 1100 1100 1099 1099 1099 1099 1099 1099 1099 1099 1099 1099 1099 1099 1258 1258 1258 1258 1258 1258 1258 1236 1236 1169 1169 1169 1169 1170
1209 1209 1209 1209 1211 1211 1211 1211 1211 1207 1230 1230 1230 1230 1230 1230 1230 1126 1126 1126 1126 1126 1154 1177 1213 1191 1178 1178 1155 1156 1128 1129 1158 1158 1158 1158 1130 1131 1132 1133 1134 1135 1136 1138 1140 1142 1143 1143 1166 1167 1167 1167 1167 1167 1167 1100 1100 1100 1100 1099 1099 1099 1099 1099 1099 1099 1099 1099 1099 1099 1258 1258 1258 1258 1258 1258 1258 1236 1236 1236 1169 1169 1169 1169
1209 1209 1209 1209 1209 1211 1211 1211 1211 1207 1230 1230 1230 1230 1230 1230 1231 1189 1189 1189 1189 1189 1154 1177 1213 1215 1191 1178 1178 1155 1157 1158 1159 1160 1161 1162 1162 1162 1162 1162 1162 1162 1162 1137 1139 1141 1164 1166 1167 1167 1167 1167 1167 1167 1179 1179 1100 1100 1100 1100 1099 1099 1099 1099 1099 1099 1099 1099 1099 1099 1258 1258 1258 1258 1258 1258 1258 1259 1236 1236 1182 1169 1169 1169
1209 1209 1209 1209 1209 1209 1211 1211 1211 1207 1207 1230 1230 1230 1230 1230 1231 1231 1189 1189 1189 1189 1189 1177 1213 1214 1215 1191 1191 1178 1190 1190 1190 1190 1160 1161 1163 1162 1162 1162 1162 1162 1162 1162 1137 1141 1165 1164 1179 1179 1179 1179 1179 1179 1179 1179 1179 1100 1100 1100 1100 1099 1099 1099 1099 1099 1099 1099 1099 1099 1258 1258 1258 1258 1258 1258 1258 1258 1259 1236 1216 1182 1182 1182
1209 1209 1209 1209 1209 1209 1210 1211 1211 1207 1207 1230 1230 1230 1230 1230 1231 1231 1254 1212 1212 1212 1212 1189 1213 1235 1214 1215 1215 1190 1199 1199 1199 1199 1199 1160 1161 1163 1162 1162 1162 1162 1162 1162 1137 1141 1165 1164 1164 1180 1179 1179 1179 1179 1179 1179 1179 1179 1100 1100 1100 1100 1099 1099 1099 1099 1099 1099 1099 1099 1258 1258 1258 1258 1258 1258 1258 1258 1258 1259 1236 1216 1193 1193
1209 1209 1209 1209 1209 1209 1209 1210 1211 1207 1207 1230 1230 1230 1230 1230 1231 1254 1254 1212 1212 1212 1212 1212 1198 1213 1235 1214 1215 1199 1200 1200 1200 1200 1200 1199 1160 1161 1163 1162 1162 1162 1162 1162 1137 1141 1165 1164 1164 1180 1180 1179 1179 1179 1179 1179 1179 1179 1179 1179 1100 1100 1100 1099 1099 1099 1099 1099 1099 1404 1258 1258 1258 1258 1258 1258 1258 1258 1258 1258 1259 1236 1216 1201
1209 1209 1209 1209 1209 1209 1209 1209 1207 1208 1253 1267 1230 1230 1230 1230 1231 1254 1254 1254 1212 1212 1212 1212 1212 1212 1246 1235 1214 1233 1233 1233 1233 1233 1200 1200 1199 1160 1161 1163 1162 1162 1162 1162 1137 1141 1165 1164 1164 1180 1180 1180 1179 1179 1179 1179 1179 1179 1179 1179 1179 1100 1100 1099 1099 1099 1099 1099 1099 1404 1404 1258 1258 1258 1258 1258 1258 1258 1258 1258 1258 1259 1236 1216
1209 1209 1209 1276 1276 1276 1276 1244 1229 1253 1267 1267 1285 1245 1245 1245 1230 1254 1254 1286 1232 1232 1232 1232 1232 1232 1232 1246 1233 1234 1234 1234 1234 1234 1234 1200 1200 1199 1160 1161 1163 1162 1162 1162 1137 1141 1165 1164 1164 1180 1180 1180 1180 1179 1179 1179 1179 1179 1179 1179 1179 1179 1179 1099 1099 1099 1099 1099 1436 1404 1404 1404 1404 1258 1258 1258 1258 1258 1258 1258 1258 1258 1259 1236
1431 1276 1276 1276 1276 1276 1276 1276 1244 1253 1267 1285 1285 1268 1268 1268 1245 1254 1286 1286 1371 1279 1279 1279 1279 1279 1257 1246 1255 1255 1255 1255 1255 1255 1255 1255 1200 1200 1199 1160 1161 1328 1328 1328 1328 1328 1328 1164 1164 1180 1180 1180 1180 1180 1179 1179 1179 1179 1179 1179 1179 1179 1179 1179 1099 1099 1099 1099 1436 1436 1436 1436 1436 1404 1258 1258 1258 1258 1258 1258 1258 1258 1258 1259
1431 1431 1276 1276 1276 1276 1276 1276 1276 1253 1267 1285 1308 1277 1268 1268 1268 1254 1286 1318 1371 1298 1299 1289 1278 1279 1279 1255 1256 1256 1256 1255 1255 1255 1255 1255 1255 1311 1327 1327 1327 1328 1328 1328 1328 1328 1328 1328 1164 1180 1180 1180 1180 1180 1180 1179 1179 1179 1179 1179 1179 1179 1179 1179 1179 1465 1465 1465 1436 1436 1436 1436 1436 1436 1404 1258 1258 1258 1258 1258 1258 1258 1258 1258
1431 1431 1431 1431 1276 1276 1276 1276 1276 1276 1267 1285 1308 1308 1277 1277 1277 1268 1286 1318 1371 1340 1298 1299 1289 1278 1279 1269 1269 1269 1269 1269 1269 1269 1311 1311 1311 1327 1327 1327 1328 1328 1328 1328 1328 1328 1328 1328 1328 1180 1180 1180 1180 1180 1180 1179 1179 1179 1179 1179 1179 1179 1179 1179 1465 1465 1465 1465 1436 1436 1436 1436 1436 1436 1436 1404 1258 1258 1258 1258 1281 1281 1281 1281
1431 1431 1431 1431 1431 1400 1296 1296 1296 1296 1276 1285 1308 1338 1309 1297 1297 1277 1286 1318 1371 1340 1319 1298 1299 1289 1278 1287 1287 1287 1287 1287 1287 1311 1311 1311 1327 1327 1327 1328 1328 1328 1328 1328 1328 1328 1328 1328 1328 1365 1365 1365 1180 1180 1180 1180 1179 1179 1179 1179 1179 1179 1179 1465 1465 1465 1465 1465 1436 1436 1436 1436 1436 1436 1436 1436 1404 1258 1258 1281 1291 1291 1291 1291
1431 1431 1431 1431 1431 1431 1400 1296 1296 1296 1296 1285 1308 1338 1370 1309 1309 1297 1286 1318 1371 1340 1319 1319 1298 1299 1287 1288 1288 1288 1288 1311 1311 1311 1311 1327 1327 1327 1328 1328 1328 1328 1328 1328 1328 1328 1328 1365 1365 1365 1365 1365 1365 1365 1365 1180 1180 1179 1179 1179 1179 1179 1179 1465 1465 1465 1465 1465 1436 1436 1436 1436 1436 1436 1436 1436 1436 1404 1392 1301 1301 1301 1301 1301
1431 1431 1431 1431 1431 1431 1431 1400 1317 1317 1317 1296 1308 1338 1370 1361 1339 1309 1297 1318 1371 1340 1341 1319 1319 1298 1310 1310 1310 1310 1311 1311 1311 1311 1327 1327 1327 1328 1328 1328 1328 1328 1328 1328 1328 1365 1365 1365 1365 1365 1365 1365 1365 1365 1365 1365 1365 1180 1179 1179 1179 1465 1465 1465 1465 1465 1465 1435 1436 1436 1436 1436 1436 1436 1436 1436 1436 1404 1404 1392 1313 1313 1313 1313
1494 1431 1431 1431 1431 1431 1431 1431 1400 1387 1360 1317 1308 1338 1370 1388 1361 1339 1309 1318 1371 1340 1341 1341 1319 1310 1311 1311 1311 1311 1311 1311 1311 1327 1327 1327 1328 1328 1328 1328 1328 1328 1348 1365 1365 1365 1365 1365 1365 1365 1365 1365 1365 1365 1365 1365 1365 1365 1180 1180 1465 1465 1465 1465 1465 1465 1465 1435 1435 1436 1436 1436 1436 1436 1436 1436 1436 1436 1404 1404 1392 1393 1330 1330
1494 1494 1431 1431 1431 1431 1431 1431 1431 1400 1387 1360 1317 1338 1370 1409 1388 1361 1339 1318 1371 1363 1340 1341 1319 1320 1321 1322 1323 1324 1325 1326 1327 1328 1328 1328 1328 1328 1328 1328 1328 1348 1365 1365 1365 1365 1365 1365 1365 1365 1365 1365 1365 1365 1365 1365 1365 1365 1365 1365 1465 1465 1465 1465 1465 1465 1465 1435 1435 1435 1436 1436 1436 1436 1436 1436 1436 1436 1436 1404 1404 1392 1393 1350
1494 1494 1494 1494 1431 1431 1431 1431 1431 1431 1400 1387 1360 1338 1370 1409 1411 1388 1361 1339 1371 1362 1363 1340 1342 1343 1343 1343 1343 1343 1343 1325 1326 1344 1345 1346 1347 1348 1348 1348 1348 1365 1365 1365 1365 1365 1365 1365 1365 1365 1365 1365 1365 1365 1365 1365 1365 1365 1772 1772 1465 1465 1465 1465 1465 1465 1465 1435 1435 1435 1435 1436 1436 1436 1436 1436 1436 1436 1436 1404 1404 1404 1392 1393
1501 1494 1494 1494 1494 1431 1431 1431 1431 1431 1431 1400 1387 1360 1370 1409 1422 1411 1388 1361 1371 1390 1362 1372 1372 1372 1364 1343 1343 1343 1343 1343 1325 1326 1344 1345 1346 1346 1365 1365 1365 1365 1365 1365 1365 1365 1365 1365 1365 1365 1365 1365 1365 1365 1365 1365 1365 1772 1772 1772 1465 1465 1465 1465 1465 1465 1465 1465 1435 1435 1435 1435 1436 1436 1436 1436 1436 1436 1436 1404 1404 1404 1404 1392
1522 1501 1494 1494 1494 1494 1494 1431 1431 1431 1431 1431 1400 1387 1370 1409 1422 1422 1411 1388 1371 1390 1372 1373 1373 1372 1372 1374 1343 1343 1343 1343 1343 1325 1326 1344 1345 1346 1346 1375 1376 1377 1378 1378 1378 1378 1378 1378 1378 1378 1378 1378 1378 1378 1378 1378 1378 1772 1772 1772 1465 1465 1465 1465 1465 1465 1465 1465 1435 1435 1435 1435 1435 1436 1436 1436 1436 1436 1436 1404 1404 1404 1404 1404
1522 1522 1501 1494 1494 1494 1494 1494 1431 1431 1431 1431 1431 1400 1387 1409 1422 1422 1422 1411 1388 1389 1389 1389 1373 1373 1372 1374 1391 1343 1343 1343 1343 1343 1325 1326 1344 1345 1346 1346 1375 1376 1377 1379 1378 1378 1378 1378 1378 1378 1378 1378 1378 1378 1378 1378 1378 1772 1772 1772 1465 1465 1465 1465 1465 1465 1465 1465 1466 1435 1435 1435 1435 1435 1436 1436 1436 1436 1436 1436 1404 1404 1404 1404
1522 1522 1522 1501 1494 1494 1494 1494 1494 1431 1431 1431 1431 1431 1400 1409 1433 1422 1422 1411 1401 1401 1401 1389 1389 1373 1373 1372 1391 1402 1343 1343 1343 1343 1343 1325 1344 1345 1346 1346 1346 1375 1376 1377 1379 1378 1378 1378 1378 1378 1378 1378 1378 1378 1378 1378 1378 1772 1772 1772 1465 1465 1465 1465 1465 1465 1465 1465 1544 1466 1435 1435 1435 1435 1435 1436 1436 1436 1436 1445 1415 1415 1415 1415
1522 1522 1522 1522 1501 1494 1494 1494 1494 1495 1474 1474 1474 1453 1431 1409 1420 1433 1422 1410 1410 1410 1401 1401 1389 1389 1373 1372 1391 1402 1412 1343 1343 1343 1343 1343 1325 1345 1346 1346 1346 1375 1375 1376 1379 1379 1378 1378 1378 1378 1378 1378 1378 1378 1378 1378 1378 1772 1772 1772 1464 1465 1465 1465 1465 1465 1465 1465 1566 1544 1466 1435 1435 1435 1435 1435 1436 1436 1445 1445 1414 1414 1414 1414
1522 1522 1522 1522 1522 1501 1494 1494 1494 1495 1495 1474 1474 1474 1453 1431 1420 1433 1421 1421 1421 1410 1410 1401 1401 1389 1389 1372 1391 1402 1412 1423 1343 1343 1343 1343 1343 1325 1345 1346 1346 1375 1375 1375 1379 1379 1378 1378 1378 1378 1378 1378 1378 1378 1378 1378 1378 1772 1772 1475 1475 1464 1465 1465 1465 1465 1465 1465 1465 1566 1544 1466 1435 1435 1435 1435 1435 1436 1445 1445 1438 1438 1438 1438
1522 1522 1522 1522 1522 1522 1501 1494 1494 1495 1495 1495 1474 1474 1474 1453 1431 1432 1432 1432 1421 1421 1410 1410 1401 1401 1389 1372 1391 1402 1412 1423 1434 1434 1434 1434 1434 1434 1434 1434 1346 1375 1375 1375 1379 1379 1378 1378 1378 1378 1378 1378 1378 1378 1378 1378 1378 1772 1772 1486 1475 1475 1464 1465 1465 1465 1465 1465 1496 1566 1566 1544 1466 1454 1454 1454 1454 1435 1445 1533 1533 1448 1448 1448
1522 1522 1522 1522 1522 1522 1522 1501 1494 1495 1495 1495 1495 1474 1474 1453 1441 1462 1462 1462 1432 1421 1421 1421 1410 1401 1401 1372 1391 1402 1412 1423 1423 1442 1443 1443 1443 1443 1444 1444 1444 1375 1375 1375 1375 1379 1378 1378 1378 1378 1378 1378 1378 1378 1378 1378 1762 1772 1772 1486 1486 1475 1475 1464 1465 1465 1465 1496 1496 1566 1566 1566 1544 1466 1466 1466 1466 1454 1445 1533 1533 1447 1447 1447
1522 1522 1522 1522 1522 1522 1522 1522 1501 1494 1495 1495 1495 1495 1474 1453 1462 1462 1462 1462 1462 1432 1421 1421 1421 1410 1401 1401 1391 1402 1412 1423 1423 1423 1442 1444 1444 1444 1444 1444 1444 1444 1444 1444 1444 1444 1379 1378 1378 1378 1378 1378 1378 1378 1378 1762 1772 1772 1772 1486 1486 1486 1475 1475 1464 1465 1496 1496 1496 1566 1566 1566 1566 1544 1544 1544 1544 1466 1454 1533 1533 1467 1456 1456
1522 1522 1522 1522 1522 1522 1522 1522 1522 1501 1494 1495 1495 1495 1474 1462 1463 1463 1463 1463 1462 1462 1432 1421 1421 1421 1421 1528 1402 1412 1412 1423 1423 1423 1423 1442 1444 1444 1444 1444 1444 1444 1444 1444 1444 1444 1444 1444 1378 1378 1378 1378 1378 1378 1378 1762 1772 1772 1772 1486 1486 1486 1486 1486 1475 1464 1496 1496 1496 1541 1566 1566 1566 1544 1544 1544 1544 1544 1466 1533 1533 1534 1467 1467
1522 1522 1522 1522 1522 1522 1522 1522 1522 1522 1501 1494 1495 1495 1474 1483 1483 1483 1483 1463 1463 1462 1462 1432 1528 1528 1528 1528 1528 1528 1423 1423 1423 1423 1423 1423 1442 1444 1444 1444 1444 1444 1444 1444 1444 1444 1444 1444 1444 1444 1444 1444 1444 1444 1757 1762 1772 1772 1772 1485 1486 1486 1486 1486 1486 1475 1496 1496 1531 1541 1566 1566 1566 1566 1544 1544 1544 1544 1544 1476 1533 1533 1534 1489
1522 1522 1522 1522 1522 1522 1522 1522 1522 1522 1522 1501 1494 1495 1483 1484 1484 1484 1484 1484 1463 1463 1528 1528 1528 1528 1528 1528 1528 1528 1528 1423 1423 1423 1423 1423 1423 1442 1444 1444 1444 1444 1444 1444 1444 1444 1444 1444 1444 1444 1444 1444 1444 1757 1762 1762 1772 1772 1772 1485 1485 1485 1485 1485 1485 1485 1496 1514 1531 1541 1566 1566 1566 1566 1544 1544 1544 1544 1544 1544 1487 1533 1534 1534
1522 1522 1522 1522 1522 1522 1522 1522 1522 1522 1522 1522 1501 1494 1500 1500 1500 1500 1500 1500 1527 1528 1528 1528 1528 1528 1528 1528 1528 1528 1528 1528 1528 1423 1423 1423 1423 1423 1442 1444 1444 1444 1444 1444 1444 1444 1444 1444 1444 1444 1444 1444 1757 1757 1762 1762 1772 1772 1772 1502 1502 1502 1502 1502 1502 1502 1496 1514 1531 1541 1566 1566 1566 1566 1566 1544 1544 1544 1544 1544 1544 1497 1533 1534
1522 1522 1522 1522 1521 1521 1521 1521 1521 1521 1521 1522 1522 1500 1512 1512 1512 1512 1512 1527 1528 1528 1528 1528 1528 1528 1528 1528 1528 1528 1528 1528 1528 1528 1528 1423 1423 1423 1442 1442 1444 1444 1444 1444 1444 1444 1444 1444 1444 1444 1444 1444 1757 1757 1762 1762 1772 1772 1772 1530 1530 1530 1530 1530 1530 1530 1502 1514 1531 1541 1566 1566 1566 1566 1595 1544 1544 1544 1544 1544 1544 1544 1503 1533
1650 1521 1521 1521 1521 1521 1521 1521 1521 1521 1521 1521 1522 1512 1513 1513 1513 1513 1527 1528 1528 1528 1528 1528 1528 1528 1528 1528 1528 1528 1528 1528 1528 1528 1528 1528 1528 1423 1423 1442 1442 1444 1444 1444 1444 1444 1444 1444 1444 1444 1444 1592 1757 1757 1762 1762 1772 1772 1772 1530 1530 1530 1530 1530 1530 1530 1530 1514 1531 1541 1566 1566 1566 1595 1595 1595 1544 1544 1544 1544 1544 1544 1544 1515
1649 1650 1564 1539 1539 1539 1539 1539 1539 1539 1539 1539 1521 1523 1524 1525 1526 1527 1528 1529 1529 1529 1529 1529 1529 1529 1529 1529 1529 1529 1529 1529 1529 1529 1529 1529 1529 1529 1592 1592 1442 1442 1444 1444 1444 1444 1592 1592 1592 1592 1592 1592 1757 1757 1762 1762 1772 1772 1772 1540 1530 1530 1530 1530 1530 1530 1530 1530 1530 1541 1566 1566 1566 1595 1595 1595 1595 1544 1544 1544 1544 1544 1544 1544
