examples/project/rasters/hillslopes.asc
ncols	161
nrows	160
xllcorner	472594.4082732276
yllcorner	4607149.9041403374
cellsize	10.0000000000
NODATA_value	-9999
[rows 0 to 37 of 160, columns 0 to 83 of 161]
-9999 -9999 -9999 -9999 -9999 61 61 61 61 61 50 50 50 50 50 50 50 50 50 50 50 50 50 50 -9999 -9999 -9999 -9999 -9999 -9999 -9999 -9999 8 8 8 8 8 9 3 0 0 121 121 121 121 121 121 121 88 88 88 88 88 88 86 86 86 86 86 86 86 86 86 86 102 102 102 102 102 102 102 102 102 102 102 102 99 78 78 78 78 78 78 78
-9999 61 61 61 61 61 48 49 50 50 50 50 50 50 50 50 50 50 50 50 50 50 50 50 50 -9999 -9999 -9999 -9999 -9999 -9999 -9999 8 8 8 8 8 8 7 2 1 121 121 121 121 121 121 121 88 88 88 88 88 88 86 86 86 86 86 86 86 86 86 86 102 102 102 102 102 102 102 102 102 102 102 102 99 78 78 78 78 78 78 78
-9999 61 61 61 61 48 49 50 50 50 50 50 50 50 50 50 50 50 50 50 50 50 50 50 50 -9999 -9999 -9999 -9999 -9999 -9999 -9999 8 8 8 8 8 20 7 2 121 121 121 121 121 121 121 121 88 88 88 88 88 88 86 86 86 86 86 86 86 86 86 86 102 102 102 102 102 102 102 102 102 102 102 99 99 78 78 78 78 78 78 78
-9999 61 61 61 48 49 50 50 50 50 50 50 50 50 50 50 50 50 50 50 50 50 184 184 50 -9999 -9999 -9999 -9999 -9999 -9999 -9999 8 8 8 8 26 7 7 2 121 121 121 121 121 121 121 98 88 88 88 88 88 88 86 86 86 86 86 86 86 86 86 86 102 102 102 102 102 102 102 102 102 102 99 99 99 78 78 78 78 78 78 78
-9999 61 61 48 49 50 50 50 50 50 50 50 50 50 50 50 50 50 50 50 50 184 184 184 184 184 -9999 -9999 -9999 -9999 -9999 42 42 42 8 41 7 7 2 121 121 121 121 121 121 121 98 98 88 88 88 88 88 86 86 86 86 86 86 86 86 86 86 102 102 102 102 102 102 102 102 102 102 99 99 99 99 77 78 78 78 78 78 78
-9999 61 48 49 50 50 50 50 50 50 50 50 50 50 50 50 50 50 50 50 184 184 184 184 184 184 184 -9999 42 42 42 42 42 42 42 41 41 2 121 121 121 121 121 121 121 121 98 98 88 88 88 88 86 86 86 86 86 86 86 86 86 86 86 102 102 102 102 102 102 102 102 102 99 99 99 99 99 77 77 78 78 78 78 78
-9999 58 58 58 58 58 58 50 50 50 50 50 50 50 50 184 184 184 184 184 184 184 184 184 184 184 184 184 42 42 42 42 42 42 42 41 41 121 121 121 121 121 121 121 121 121 98 98 88 88 88 86 86 86 86 86 86 86 86 86 86 86 157 102 102 102 102 102 102 102 102 99 99 99 99 99 99 77 77 77 78 78 78 78
-9999 60 59 59 58 58 58 58 50 50 50 58 58 184 184 184 184 184 184 184 184 184 184 184 184 184 184 42 42 42 42 42 42 42 42 42 42 42 121 121 121 121 121 121 121 121 109 98 88 88 86 86 86 86 86 86 86 86 86 86 86 157 157 157 102 102 102 102 102 102 102 99 99 99 99 99 99 77 77 77 77 77 77 78
-9999 60 60 59 59 58 58 58 58 58 58 58 184 184 184 184 184 184 184 184 184 184 184 184 184 184 184 42 42 42 42 42 42 42 42 42 42 42 42 121 121 121 121 121 121 121 109 98 88 86 86 86 86 86 86 86 86 86 86 86 157 157 157 157 157 157 157 102 102 102 102 99 99 99 99 99 99 104 104 104 104 104 104 75
-9999 60 60 60 59 59 58 58 58 58 58 184 184 184 183 183 183 183 183 183 183 183 184 260 260 260 265 265 42 42 42 42 42 42 42 42 42 42 42 42 120 120 120 121 121 121 109 98 86 87 87 87 87 97 97 97 86 86 86 86 157 157 157 157 157 157 157 157 157 102 102 99 99 99 99 99 99 114 114 104 104 104 104 89
-9999 60 60 60 60 59 59 60 60 60 184 184 184 183 183 183 183 183 183 183 183 183 260 260 261 261 265 266 42 42 42 42 42 42 42 42 42 42 42 42 120 120 120 120 121 121 109 97 97 97 97 97 97 221 221 221 221 221 157 157 157 157 157 157 157 157 157 157 157 112 99 100 100 99 99 99 99 150 125 114 103 103 103 113
-9999 60 60 60 60 60 60 60 184 184 183 183 183 183 183 183 183 278 278 278 278 260 261 261 261 265 265 266 42 42 42 42 42 42 42 42 42 42 42 175 132 132 132 132 120 121 109 131 131 131 131 138 221 221 221 221 221 221 157 157 157 157 157 157 157 157 157 157 157 110 110 101 101 101 101 101 101 150 150 125 114 114 113 123
-9999 60 60 60 60 60 184 184 184 183 183 183 183 183 183 183 278 278 278 278 260 261 261 261 265 265 266 266 266 42 42 42 42 42 42 42 42 42 175 175 175 175 147 140 132 120 131 138 138 138 138 221 221 221 221 221 221 221 221 157 157 157 157 157 157 157 157 157 122 133 111 111 111 111 111 111 160 149 150 150 125 125 123 124
-9999 184 184 184 184 184 184 184 183 183 183 183 279 279 278 278 278 278 278 260 261 261 261 265 265 266 266 266 266 42 42 42 42 42 42 42 42 175 175 175 175 175 175 147 140 131 138 138 138 138 221 221 221 221 221 221 221 221 221 157 157 157 157 157 157 157 157 133 133 133 133 133 133 133 133 190 178 160 149 150 150 150 134 134
-9999 184 184 184 184 184 184 183 183 279 279 279 278 278 278 278 278 278 260 261 261 261 265 265 266 266 266 266 266 42 42 42 42 42 42 186 186 175 175 175 175 175 175 175 147 138 139 139 139 221 221 221 221 221 221 221 221 221 221 157 157 157 157 157 157 157 141 141 141 141 133 133 133 133 190 191 191 178 160 149 150 150 142 142
-9999 184 184 184 184 184 183 183 279 279 279 278 278 278 278 278 278 260 261 261 261 264 265 266 266 266 266 266 266 348 348 348 186 186 186 186 186 175 175 175 175 175 175 175 175 146 146 146 146 221 221 221 221 221 221 221 221 221 221 221 167 167 167 157 157 148 148 148 148 148 141 133 133 211 200 190 191 191 178 160 149 149 158 158
-9999 184 184 184 184 183 183 279 279 279 278 278 278 278 278 278 260 261 261 261 264 265 266 266 266 266 266 266 266 348 348 348 185 186 186 186 186 186 175 175 175 175 175 175 175 155 155 174 221 221 221 221 221 221 221 221 221 221 221 221 166 166 166 167 156 156 156 156 148 148 224 224 224 224 211 200 190 191 191 178 160 158 159 159
-9999 184 184 184 183 183 279 279 279 278 278 278 278 278 278 260 261 261 261 264 265 266 266 266 266 266 266 266 348 348 348 348 185 185 186 186 186 186 186 175 175 175 175 175 175 165 174 197 221 221 221 221 221 221 221 221 221 221 221 350 208 189 177 166 176 176 156 156 156 148 386 224 224 224 224 211 200 190 191 191 178 168 168 168
-9999 184 184 183 183 279 279 279 278 278 278 278 278 278 260 261 261 261 264 265 266 266 266 266 266 266 266 348 348 348 348 348 185 185 185 186 186 186 186 186 186 186 186 186 186 174 197 221 221 221 221 221 221 221 221 221 221 221 350 350 208 208 189 176 187 187 187 156 400 386 386 386 224 224 224 224 211 200 190 191 178 199 199 199
-9999 183 183 183 279 279 279 278 278 278 278 278 278 260 261 261 261 264 265 266 266 266 266 266 266 266 348 348 348 348 348 348 185 185 185 185 185 185 185 185 185 185 185 185 185 185 197 221 221 221 221 221 221 221 221 221 221 350 350 251 207 208 208 187 188 188 222 268 400 386 386 386 386 224 224 224 224 211 200 190 199 199 199 199
-9999 195 195 279 279 279 278 278 278 278 278 278 260 261 261 261 264 265 266 266 266 266 266 266 266 348 348 348 348 348 348 347 347 472 185 185 185 185 185 185 185 185 185 185 196 196 196 221 221 221 236 236 236 236 221 221 350 350 250 251 251 207 208 198 198 222 268 399 400 386 386 386 386 224 224 224 224 224 211 199 209 209 209 209
-9999 205 219 279 279 279 278 278 278 278 278 260 261 261 261 264 265 266 266 266 266 266 266 266 348 348 348 348 348 348 347 347 347 472 472 185 185 185 185 185 185 185 185 196 196 206 206 206 221 236 236 236 236 236 283 350 350 350 250 251 251 251 207 222 222 268 399 399 400 386 386 386 386 270 224 224 224 224 224 209 210 210 210 210
-9999 219 232 279 279 279 278 278 278 278 260 261 261 261 264 265 266 266 266 266 266 266 348 348 348 348 348 348 348 347 347 347 347 472 472 472 472 185 185 185 185 185 196 196 206 206 220 220 220 236 233 234 234 283 283 350 350 350 269 250 251 251 222 237 268 284 399 399 400 386 386 386 386 301 270 239 239 239 239 223 223 223 223 223
-9999 232 248 279 279 279 278 278 278 260 261 261 261 264 265 266 266 266 266 266 266 348 348 348 348 348 348 348 347 347 347 347 472 472 472 472 472 185 185 185 185 196 196 206 206 220 235 235 235 233 234 283 283 283 282 350 350 350 299 269 250 251 237 268 284 284 399 399 400 386 386 386 386 300 301 270 271 271 271 238 238 238 238 238
-9999 248 336 336 279 279 278 278 260 261 261 261 264 265 266 266 266 266 266 266 348 348 348 348 348 348 348 347 347 347 347 347 472 472 472 472 472 472 185 185 196 196 206 206 220 235 249 249 249 249 283 283 283 282 295 350 350 350 299 299 269 250 268 284 284 284 399 399 400 386 386 386 386 319 300 301 270 270 271 252 252 252 252 252
-9999 259 336 336 336 279 278 260 261 262 263 264 265 266 266 266 266 266 266 266 348 348 348 348 348 348 347 347 347 347 347 362 472 472 472 472 472 472 196 196 296 296 296 220 235 267 267 267 267 267 283 281 282 295 326 350 350 350 298 299 299 268 284 284 284 399 399 399 400 386 386 386 386 331 319 300 301 287 270 285 285 285 252 252
-9999 277 336 336 336 278 280 313 313 313 313 313 313 313 313 313 313 313 313 313 348 348 348 348 348 347 347 347 347 347 362 472 472 472 472 472 472 536 315 315 315 315 296 296 296 297 297 297 297 297 281 282 295 326 325 350 350 349 340 298 299 284 316 316 316 399 399 399 400 385 386 386 386 330 331 319 300 301 285 286 286 286 285 252
-9999 312 293 336 336 294 313 313 313 313 313 313 313 313 313 313 313 313 313 495 348 348 348 348 347 347 347 347 347 362 472 472 472 472 472 472 536 536 338 315 315 315 315 296 296 296 296 296 296 296 295 295 326 325 350 350 349 364 340 340 298 316 316 316 316 399 399 399 400 385 385 386 386 342 330 331 319 300 317 317 317 317 286 285
374 323 312 336 336 313 314 314 314 314 314 314 314 314 314 314 314 314 495 495 348 348 348 347 347 347 362 362 362 472 472 472 472 472 472 536 536 536 338 338 315 315 315 315 315 315 315 315 315 315 315 326 325 350 350 349 364 377 340 340 316 327 327 327 413 414 399 399 400 385 385 386 386 341 342 330 331 317 318 318 318 318 317 286
374 374 323 336 324 360 360 314 314 314 314 314 314 314 314 314 314 495 495 363 348 348 347 362 362 362 362 362 362 472 472 472 472 472 472 536 536 536 624 338 338 338 338 338 338 338 338 338 338 338 338 325 350 350 349 364 377 409 339 340 327 328 328 328 413 413 414 399 400 385 385 386 386 368 341 342 329 329 329 329 329 329 318 317
374 374 335 336 360 360 360 360 360 314 314 314 314 314 314 314 495 495 376 363 348 347 362 362 362 362 362 362 362 472 472 472 472 472 536 536 536 536 624 624 337 337 338 338 338 338 337 337 337 337 337 337 350 349 364 377 409 409 352 339 351 351 351 351 413 413 413 414 399 400 385 386 386 368 368 341 353 353 329 329 329 329 329 369
374 374 346 360 360 360 360 360 360 360 360 360 360 314 495 495 495 394 376 363 347 362 362 362 362 362 362 362 472 472 472 472 472 536 536 536 536 536 624 624 624 337 337 338 338 337 365 365 365 365 365 365 349 364 377 409 409 409 382 351 366 366 366 411 413 413 413 413 414 399 400 385 386 386 368 353 354 354 353 329 329 329 329 387
374 374 360 361 361 361 361 361 361 361 361 361 361 495 495 438 421 394 376 362 362 362 362 362 362 362 362 472 472 472 472 472 472 536 536 536 536 536 536 624 624 624 337 337 337 365 365 379 379 379 379 379 364 377 409 409 409 409 382 366 380 381 411 410 413 413 413 413 413 414 399 400 385 386 367 367 367 354 354 353 329 329 387 387
374 375 375 375 375 361 361 361 361 361 361 361 495 495 461 438 421 394 376 407 481 481 362 362 362 362 472 472 472 472 472 472 472 536 536 536 536 536 536 624 624 624 624 379 365 365 379 379 378 378 378 378 377 409 409 409 409 409 397 380 381 411 410 441 440 413 412 412 412 413 414 399 400 383 383 383 367 367 354 354 353 329 415 387
392 392 392 392 375 375 361 361 361 361 361 495 495 469 461 438 421 394 407 481 481 481 481 481 472 472 472 472 472 472 472 472 470 536 536 536 536 536 536 624 624 624 624 462 379 379 379 378 395 395 395 395 395 409 408 408 408 408 396 396 411 410 441 441 440 488 412 412 412 412 413 414 398 398 384 383 383 367 367 354 354 415 415 415
393 393 393 393 392 375 375 361 361 361 375 495 495 469 461 438 421 407 481 481 481 481 481 481 472 472 472 472 472 472 472 470 470 536 536 536 536 536 536 624 624 624 624 462 462 462 425 425 425 425 425 425 425 408 422 423 423 423 427 427 410 441 441 440 488 488 430 430 430 430 412 412 428 428 428 428 383 383 367 367 354 431 431 415
393 393 393 393 393 392 375 375 375 375 495 495 495 469 461 438 421 481 481 481 481 481 481 484 471 472 472 472 472 472 470 483 536 536 536 536 536 536 536 624 624 624 624 462 462 462 462 424 424 424 424 424 424 422 423 473 473 473 426 426 426 441 440 488 488 488 465 466 466 466 430 428 429 429 429 429 428 383 383 367 431 431 431 432
393 393 393 393 393 393 392 392 392 503 495 495 495 469 461 438 481 481 481 481 481 481 481 533 484 471 472 472 472 470 483 483 536 536 536 536 536 536 536 624 624 624 624 462 462 462 462 462 439 439 439 439 439 439 473 473 473 473 473 464 464 440 488 488 488 488 478 465 465 465 466 442 442 442 442 442 429 428 383 383 431 431 431 431
