examples/project/rasters/slopes.asc
ncols	161
nrows	160
xllcorner	472594.4082732276
yllcorner	4607149.9041403374
cellsize	10.0000000000
NODATA_value	-9999.0000000000
[rows 92 to 114 of 160, columns 52 to 103 of 161]
0.0169625255 0.0165931213 0.0166994491 0.0174332832 0.0150640710 0.0116109094 0.0144415305 0.0142645657 0.0052071049 0.0034038547 0.0023112963 0.0013332259 0.0017626033 0.0018364958 0.0035505254 0.0030377699 0.0044142866 0.0065286098 0.0069521794 0.0090177987 0.0117273405 0.0116203401 0.0114150092 0.0107965075 0.0092835521 0.0137587505 0.0192228499 0.0277825428 0.0530871945 0.0719216539 0.0713545913 0.0632543661 0.0543989404 0.0332322514 0.0195385374 0.0547268606 0.0663058047 0.0472492280 0.0224241945 0.0564475178 0.0567361308 0.0239008687 0.0385411146 0.0686609158 0.0703686691 0.0551677407 0.0316800799 0.0257115160 0.0331810969 0.0307056141 0.0234439300 0.0253119547
0.0201241699 0.0158022140 0.0137777991 0.0135788916 0.0103572606 0.0064052207 0.0108351786 0.0118571171 0.0029397096 0.0019317749 0.0009468062 0.0025835553 0.0025024957 0.0011491881 0.0028110057 0.0013753437 0.0051210349 0.0070274559 0.0071186511 0.0096366774 0.0126204806 0.0116786001 0.0106892823 0.0102997163 0.0095403199 0.0134880004 0.0175157549 0.0218854084 0.0438544590 0.0670893771 0.0751434417 0.0710201378 0.0628452201 0.0395058249 0.0196293467 0.0555809308 0.0651187323 0.0455636358 0.0204863679 0.0546391154 0.0544256933 0.0211578756 0.0419563461 0.0707788429 0.0743339410 0.0590135272 0.0400935494 0.0382836507 0.0348331424 0.0242322174 0.0203570834 0.0243794781
0.0288570105 0.0205278908 0.0148592407 0.0133028645 0.0089472797 0.0035425076 0.0092267451 0.0105932395 0.0011238781 0.0015119689 0.0020801262 0.0042520929 0.0027877847 0.0016758100 0.0030560250 0.0029284319 0.0069488819 0.0080135162 0.0079898454 0.0103212299 0.0127479042 0.0117389719 0.0115948054 0.0125725269 0.0124344092 0.0153511502 0.0191227082 0.0230846983 0.0411560201 0.0618082926 0.0748080103 0.0758415022 0.0686005810 0.0456517596 0.0184240190 0.0552761199 0.0648454678 0.0461873205 0.0186023681 0.0532877887 0.0540147438 0.0210917400 0.0395914620 0.0664888250 0.0737164592 0.0640662012 0.0508943774 0.0422178228 0.0282759562 0.0169412995 0.0184981799 0.0241822401
0.0347285165 0.0238503866 0.0155430168 0.0138167845 0.0091667665 0.0028411391 0.0083081177 0.0096055415 0.0009129405 0.0018033181 0.0023637054 0.0044829268 0.0033704470 0.0039317500 0.0050392229 0.0056146260 0.0088876502 0.0099650940 0.0099521949 0.0114326484 0.0136157162 0.0139338416 0.0154693313 0.0178873495 0.0179562601 0.0192052798 0.0216835091 0.0283251511 0.0477790105 0.0645535669 0.0743687968 0.0762402528 0.0709833130 0.0491857698 0.0172139378 0.0534404965 0.0645654761 0.0473806338 0.0183183440 0.0527975569 0.0535609800 0.0205472961 0.0331166409 0.0568883477 0.0647886920 0.0579643321 0.0470808089 0.0407142104 0.0299368289 0.0180401180 0.0242811440 0.0287003777
0.0367205821 0.0242581023 0.0151856470 0.0135090141 0.0091245538 0.0015674218 0.0070670450 0.0087469948 0.0017098367 0.0018569699 0.0020802315 0.0051959583 0.0052788309 0.0062417641 0.0070684028 0.0078032771 0.0109191110 0.0119906828 0.0118939092 0.0131380739 0.0154312548 0.0171529503 0.0206922545 0.0250912928 0.0256442178 0.0258782331 0.0250514981 0.0336547945 0.0577632504 0.0717647616 0.0743579449 0.0732373942 0.0700131128 0.0490321899 0.0170576839 0.0511193938 0.0637722272 0.0470528082 0.0225588153 0.0541002728 0.0516234367 0.0189854303 0.0270013476 0.0473212008 0.0547134968 0.0491150793 0.0385745407 0.0410721714 0.0374817217 0.0251008795 0.0316229329 0.0300969917
0.0332837350 0.0217382089 0.0140382593 0.0125343835 0.0080275628 0.0007969138 0.0062959056 0.0080067962 0.0032486959 0.0035806156 0.0043596292 0.0077649476 0.0082756968 0.0083749535 0.0087529674 0.0096499074 0.0124296779 0.0128216316 0.0124751076 0.0134668881 0.0161725204 0.0203201488 0.0275658143 0.0343350202 0.0342357060 0.0322976827 0.0275365555 0.0358589354 0.0658009097 0.0763610612 0.0715392634 0.0685315522 0.0662647862 0.0444373880 0.0164994438 0.0489408180 0.0610456877 0.0430620669 0.0318789700 0.0567342700 0.0469282798 0.0152392399 0.0230688094 0.0381567480 0.0432000187 0.0372389844 0.0317261466 0.0479863220 0.0457190540 0.0316448229 0.0334037989 0.0257309429
0.0292267994 0.0195253338 0.0131560115 0.0116557048 0.0066682995 0.0023619099 0.0063239361 0.0078741151 0.0051374158 0.0058349868 0.0072776822 0.0106532422 0.0107798508 0.0101965946 0.0104387924 0.0109988135 0.0128338943 0.0131342985 0.0127458278 0.0136633132 0.0176480959 0.0249081850 0.0359533167 0.0432286124 0.0399696331 0.0354679308 0.0290545606 0.0337202113 0.0695967819 0.0793212206 0.0692684694 0.0651969110 0.0615818130 0.0373723966 0.0183788066 0.0475282123 0.0550483680 0.0369997794 0.0422379323 0.0559125047 0.0376930340 0.0131423242 0.0287972388 0.0400236124 0.0438766905 0.0411988855 0.0419868883 0.0554677731 0.0489669473 0.0331133221 0.0287262993 0.0189403263
0.0308288878 0.0197518216 0.0125213398 0.0111779531 0.0063649484 0.0038881680 0.0063606714 0.0083036502 0.0070171229 0.0080921104 0.0098974424 0.0134097958 0.0131289406 0.0123063175 0.0122293768 0.0122558198 0.0134089350 0.0135784633 0.0125867159 0.0142019378 0.0203483575 0.0304174180 0.0441906098 0.0503298555 0.0427880860 0.0374353077 0.0330534381 0.0291618713 0.0691687664 0.0831126886 0.0705262801 0.0635168827 0.0563925884 0.0297650610 0.0229108942 0.0457652691 0.0457684928 0.0349951997 0.0497162471 0.0505597842 0.0261153070 0.0232892664 0.0407310810 0.0490847951 0.0532762793 0.0521038160 0.0510940665 0.0568485262 0.0452396207 0.0268157463 0.0199960453 0.0130589103
0.0347385246 0.0207113615 0.0113895600 0.0106029286 0.0064896428 0.0047845308 0.0058321315 0.0082371298 0.0090508731 0.0106288591 0.0127030796 0.0162473950 0.0154743716 0.0144407346 0.0134730732 0.0126281920 0.0132992032 0.0133816969 0.0125255778 0.0150734203 0.0233916157 0.0370746917 0.0532539788 0.0572680679 0.0451345938 0.0389222493 0.0387550238 0.0268208173 0.0642644083 0.0861438664 0.0743012488 0.0625490659 0.0521694530 0.0237459436 0.0286227779 0.0420672995 0.0358464671 0.0374709312 0.0495936040 0.0382194838 0.0181487970 0.0389904982 0.0518243684 0.0595989577 0.0631648134 0.0581245008 0.0511515833 0.0487904065 0.0317527225 0.0131265218 0.0125171231 0.0135011926
0.0347996507 0.0196653296 0.0100484051 0.0099424157 0.0063892759 0.0058032553 0.0059798681 0.0072816124 0.0092615131 0.0116408955 0.0151721210 0.0200536866 0.0192751773 0.0175962431 0.0154585515 0.0132475244 0.0130095510 0.0133019448 0.0129417031 0.0157805330 0.0258529975 0.0436804167 0.0604445234 0.0597114078 0.0437726955 0.0377793931 0.0434672957 0.0300627267 0.0554439180 0.0858450209 0.0788777609 0.0636157151 0.0509476358 0.0200433221 0.0339060212 0.0368520161 0.0297533347 0.0394084735 0.0412466084 0.0210597518 0.0313297002 0.0519442419 0.0620880777 0.0700295218 0.0691691034 0.0552396271 0.0394435792 0.0308951508 0.0140709645 0.0096618912 0.0168931992 0.0197266521
0.0298192843 0.0159719003 0.0082010882 0.0089625709 0.0058446758 0.0064170635 0.0062744458 0.0072333768 0.0102565157 0.0139578475 0.0199104473 0.0271067597 0.0268392785 0.0248274276 0.0213286586 0.0165470976 0.0136904916 0.0136724998 0.0132163201 0.0158546615 0.0262692388 0.0452455064 0.0613977615 0.0579377638 0.0407679183 0.0339981620 0.0457552770 0.0374611548 0.0451836070 0.0812005940 0.0819954502 0.0668542465 0.0515542341 0.0176687172 0.0365413275 0.0324627953 0.0285789307 0.0381568855 0.0271761456 0.0252713739 0.0474433998 0.0603926209 0.0713514874 0.0757873290 0.0653007136 0.0408830086 0.0189461153 0.0145670232 0.0143291503 0.0217150628 0.0245929180 0.0249222778
0.0219928968 0.0115405310 0.0061122672 0.0074416740 0.0050285383 0.0064878276 0.0054598451 0.0065343388 0.0114965426 0.0175152311 0.0269430662 0.0361649236 0.0353480015 0.0341252544 0.0306413685 0.0228926212 0.0153102485 0.0146390513 0.0144413570 0.0170832193 0.0258122018 0.0425841887 0.0610084784 0.0626105328 0.0458945379 0.0309205300 0.0428698937 0.0445716291 0.0378696764 0.0727639341 0.0826524000 0.0707189045 0.0534855145 0.0182483504 0.0367396085 0.0304236249 0.0297674369 0.0331693899 0.0190409911 0.0424855514 0.0573692647 0.0678726916 0.0780787207 0.0742264927 0.0524552928 0.0214057196 0.0098980641 0.0199235216 0.0262183356 0.0310294795 0.0297050062 0.0282989106
0.0145242086 0.0078310553 0.0045852682 0.0061181514 0.0041549051 0.0060940238 0.0045267396 0.0052155063 0.0125377196 0.0217472804 0.0347144373 0.0442967821 0.0404899646 0.0398703203 0.0398763111 0.0321112510 0.0197968149 0.0182314666 0.0187305332 0.0209070157 0.0266838401 0.0406827351 0.0610524146 0.0685818420 0.0532395444 0.0323178830 0.0358083447 0.0462944473 0.0372311475 0.0624158084 0.0798536339 0.0732657596 0.0578072070 0.0219520662 0.0368249178 0.0307211932 0.0313913032 0.0275091391 0.0285705294 0.0549659578 0.0643652725 0.0748792935 0.0806480539 0.0659297907 0.0355814524 0.0097394220 0.0233026486 0.0307490532 0.0356491984 0.0352619816 0.0310017297 0.0306876824
0.0087216413 0.0057589134 0.0038659532 0.0051980516 0.0037398989 0.0061249491 0.0046588078 0.0053792189 0.0148230999 0.0273688102 0.0426297456 0.0504575915 0.0421086517 0.0403402027 0.0463641095 0.0422935179 0.0275955154 0.0242715970 0.0256220684 0.0269373361 0.0290962864 0.0405504091 0.0618121755 0.0715072732 0.0563844961 0.0351733807 0.0294371810 0.0418347597 0.0401041181 0.0532674102 0.0730688592 0.0732826073 0.0630844728 0.0247179471 0.0351006490 0.0313864903 0.0310640557 0.0238205048 0.0408750956 0.0626359491 0.0702235181 0.0807368265 0.0799403478 0.0553700933 0.0218045092 0.0185797694 0.0339352859 0.0364531121 0.0377693243 0.0331869729 0.0301285250 0.0327139483
0.0058988954 0.0050156925 0.0034630203 0.0044194010 0.0038579831 0.0070721425 0.0055562186 0.0061391957 0.0173270154 0.0325190973 0.0489347429 0.0548803550 0.0439991642 0.0381011121 0.0490703678 0.0496699080 0.0359503275 0.0319331274 0.0348161954 0.0354259373 0.0330154419 0.0394778619 0.0616465644 0.0718030096 0.0561258084 0.0367784816 0.0265636108 0.0351418360 0.0417335476 0.0484229537 0.0636746313 0.0701816940 0.0657902621 0.0286716602 0.0312611732 0.0331458764 0.0301214335 0.0240241795 0.0495679216 0.0658554631 0.0737943190 0.0848438134 0.0782822033 0.0476284144 0.0178461469 0.0292726787 0.0422982147 0.0387637703 0.0353473898 0.0284775469 0.0295499852 0.0351385536
0.0050503125 0.0044194390 0.0031666259 0.0042058928 0.0044993269 0.0081347873 0.0060486895 0.0063762235 0.0188214913 0.0360518392 0.0534077172 0.0584341337 0.0477662901 0.0356915421 0.0487631302 0.0542247304 0.0445230516 0.0420522479 0.0463656058 0.0459092909 0.0391488615 0.0360752409 0.0590874938 0.0706919126 0.0547801842 0.0378479175 0.0272310627 0.0304803258 0.0407447828 0.0469567480 0.0544674016 0.0636290393 0.0642037901 0.0352049895 0.0258478078 0.0314238342 0.0256927702 0.0296953885 0.0535005538 0.0657251382 0.0750757867 0.0864122287 0.0759000380 0.0423488446 0.0215264396 0.0385617854 0.0483623637 0.0374847187 0.0300374665 0.0236682284 0.0288951695 0.0366279189
0.0049043869 0.0040366233 0.0030571984 0.0041418858 0.0050354980 0.0084363979 0.0056029971 0.0060183356 0.0197247866 0.0385860531 0.0570210366 0.0620987397 0.0524395417 0.0341252448 0.0445552126 0.0558749264 0.0521442978 0.0519030098 0.0564238879 0.0548756203 0.0479993647 0.0337356506 0.0527449276 0.0692737538 0.0543300247 0.0387355020 0.0289685996 0.0298161324 0.0396037306 0.0455088811 0.0482992932 0.0556313445 0.0595286612 0.0409212829 0.0197782060 0.0231039749 0.0205392293 0.0364692337 0.0543787857 0.0652102854 0.0751752903 0.0840195784 0.0694053520 0.0350548958 0.0288575075 0.0471671521 0.0514857814 0.0334186246 0.0269217513 0.0230858241 0.0293106098 0.0360526191
0.0049577638 0.0043325641 0.0037308448 0.0043716045 0.0050943109 0.0080262249 0.0047221004 0.0051880010 0.0203386612 0.0404836972 0.0598004964 0.0653614466 0.0562846145 0.0361371589 0.0364930901 0.0523065860 0.0549673524 0.0574127843 0.0612742164 0.0582475805 0.0559806180 0.0395150091 0.0397677696 0.0646457077 0.0547961446 0.0393437293 0.0303094200 0.0326370307 0.0412325645 0.0441131289 0.0461592610 0.0508054096 0.0556667917 0.0432318915 0.0175692480 0.0193475267 0.0275302695 0.0438280775 0.0571485223 0.0670702435 0.0755275621 0.0781216451 0.0564416285 0.0274636700 0.0399216703 0.0533729201 0.0498137594 0.0296317492 0.0313107030 0.0282798638 0.0317911585 0.0325731662
0.0047502587 0.0051578627 0.0049021496 0.0048811278 0.0050261940 0.0077520367 0.0044689654 0.0045724981 0.0202776726 0.0404535154 0.0603393697 0.0679602545 0.0596830785 0.0412466356 0.0289363789 0.0438569529 0.0511754863 0.0558659315 0.0583105379 0.0541632618 0.0582823888 0.0521407445 0.0248210276 0.0522278115 0.0578138225 0.0455201770 0.0360514741 0.0390590049 0.0455897873 0.0442646726 0.0461448843 0.0498850817 0.0536825661 0.0418341739 0.0170669576 0.0248282085 0.0388175354 0.0516305756 0.0612860685 0.0698460496 0.0747409879 0.0671786482 0.0371260984 0.0305052521 0.0494718804 0.0534680571 0.0424678171 0.0267178225 0.0378322331 0.0355898594 0.0337310170 0.0251809373
0.0046474314 0.0060209299 0.0063359385 0.0058257803 0.0055145481 0.0077182740 0.0046120192 0.0047952334 0.0196735279 0.0381216784 0.0588134734 0.0710177448 0.0652197738 0.0487508448 0.0280679109 0.0343669804 0.0433653588 0.0484072873 0.0492045480 0.0454883144 0.0534503464 0.0621592983 0.0378986726 0.0291311244 0.0543409048 0.0555808105 0.0485580894 0.0476723866 0.0496151428 0.0449489426 0.0454705216 0.0481130148 0.0489564624 0.0357934651 0.0173186240 0.0367572786 0.0506317079 0.0587542831 0.0656154275 0.0732092925 0.0713779398 0.0491621490 0.0191752318 0.0417928012 0.0520218158 0.0466728286 0.0309657111 0.0275133205 0.0449389932 0.0409716248 0.0307050785 0.0161711228
0.0055736755 0.0066896251 0.0074369585 0.0071385307 0.0063555323 0.0075818595 0.0049364378 0.0055439379 0.0201902860 0.0380112707 0.0582603117 0.0724820231 0.0690492674 0.0543901829 0.0323285703 0.0270371808 0.0352833703 0.0398280582 0.0395860718 0.0369099665 0.0438358802 0.0616370005 0.0604177025 0.0288048544 0.0338046924 0.0554619664 0.0605835210 0.0593938124 0.0579955579 0.0473786172 0.0425196678 0.0416431615 0.0401528122 0.0249860307 0.0241435423 0.0518678081 0.0607791876 0.0644761912 0.0705253457 0.0754486298 0.0616612981 0.0240579948 0.0279380747 0.0498793691 0.0476258491 0.0354916172 0.0187593279 0.0370051893 0.0511944347 0.0400598029 0.0203282940 0.0221471875
0.0067669324 0.0067842823 0.0068870382 0.0072909622 0.0069052213 0.0076860930 0.0055898427 0.0057811921 0.0219019712 0.0420280041 0.0608557909 0.0717090608 0.0669593484 0.0522409076 0.0330978451 0.0221475927 0.0245403307 0.0296980041 0.0314623396 0.0303710940 0.0343658913 0.0514348824 0.0672199644 0.0576061336 0.0306535879 0.0372230897 0.0584892821 0.0666470505 0.0696094502 0.0571688732 0.0431273382 0.0344648976 0.0328313577 0.0129805972 0.0414365824 0.0634015640 0.0674987087 0.0694076616 0.0739329728 0.0709777278 0.0420944604 0.0105986590 0.0452571854 0.0510152535 0.0395017044 0.0237769919 0.0239566748 0.0487707593 0.0510198969 0.0300467742 0.0170877926 0.0375948223
0.0071004113 0.0064151901 0.0059557938 0.0064507637 0.0065900693 0.0073410986 0.0055014921 0.0049335592 0.0222156271 0.0432977712 0.0600180968 0.0665784293 0.0600301825 0.0478545522 0.0377055650 0.0338214564 0.0289647975 0.0231945046 0.0227537432 0.0235800058 0.0266812170 0.0381380685 0.0568014546 0.0671934715 0.0584351057 0.0381727673 0.0439718799 0.0611066560 0.0727300889 0.0655605006 0.0514076436 0.0373528575 0.0314541889 0.0117816598 0.0580418484 0.0697283933 0.0727727499 0.0730925141 0.0702421123 0.0552248789 0.0192416264 0.0324604503 0.0543952933 0.0475449079 0.0317753587 0.0226114300 0.0394541631 0.0534146283 0.0421627262 0.0219415084 0.0350449374 0.0458047748
