examples/project/rasters/slopes.asc
ncols	161
nrows	160
xllcorner	472594.4082732276
yllcorner	4607149.9041403374
cellsize	10.0000000000
NODATA_value	-9999.0000000000
[rows 23 to 45 of 160, columns 104 to 155 of 161]
0.0133338557 0.0145702255 0.0173804506 0.0196223643 0.0186566667 0.0188895154 0.0223988945 0.0183946077 0.0161233028 0.0236190373 0.0274010498 0.0240416195 0.0153763431 0.0072516713 0.0045478057 0.0058447821 0.0025742806 0.0109443827 0.0122336325 0.0105703941 0.0109199861 0.0171545077 0.0262837001 0.0302805144 0.0272986513 0.0170238453 0.0155687235 0.0243679804 0.0245862287 0.0159696693 0.0068872049 0.0079722191 0.0132912226 0.0108554979 0.0070084547 0.0140207734 0.0193860020 0.0256990233 0.0313461097 0.0352328179 0.0398769705 0.0464927782 0.0553976962 0.0633734239 0.0686404583 0.0680564429 0.0586849104 0.0454995455 0.0333151604 0.0225142861 0.0169487381 0.0149331570
0.0143512134 0.0148997210 0.0161138938 0.0156448868 0.0125036937 0.0131228793 0.0182730685 0.0194474504 0.0217669023 0.0251189179 0.0237275175 0.0180441236 0.0106955270 0.0041894794 0.0020005009 0.0043149506 0.0005222968 0.0103544149 0.0117483045 0.0094305069 0.0080826627 0.0123585907 0.0204384761 0.0246011181 0.0227760984 0.0152874510 0.0150221378 0.0228502197 0.0230998889 0.0159930118 0.0060759985 0.0057810486 0.0144393271 0.0170894637 0.0210884070 0.0317301183 0.0389073100 0.0453179788 0.0504073745 0.0540539645 0.0576085376 0.0614532299 0.0651378703 0.0663933803 0.0637819839 0.0537757503 0.0357783098 0.0201298702 0.0183370743 0.0201720287 0.0199675606 0.0183025453
0.0135237896 0.0131608956 0.0135283091 0.0138823549 0.0142763477 0.0183637041 0.0232066999 0.0241899429 0.0240963274 0.0230584044 0.0181085047 0.0119779740 0.0062974838 0.0016516977 0.0003030225 0.0034075777 0.0009310996 0.0102716104 0.0123838188 0.0104347969 0.0089722599 0.0120037447 0.0183182218 0.0202085217 0.0171380303 0.0119590637 0.0160316775 0.0223692266 0.0215190060 0.0141811628 0.0046537347 0.0062794203 0.0198294855 0.0283613883 0.0349430534 0.0440035384 0.0479868153 0.0518737572 0.0551860899 0.0568337137 0.0579258079 0.0579847398 0.0561085302 0.0503469127 0.0392389672 0.0234106212 0.0176799255 0.0275848133 0.0351629006 0.0372461329 0.0334436498 0.0262158573
0.0123505978 0.0117377239 0.0127931549 0.0150619564 0.0176027506 0.0212516862 0.0242106763 0.0237026789 0.0213602655 0.0178981333 0.0121618772 0.0072419622 0.0036165011 0.0012678408 0.0011271821 0.0030846642 0.0012275376 0.0106061682 0.0137136537 0.0118671461 0.0104508260 0.0128741094 0.0166232213 0.0156015474 0.0116588954 0.0106831892 0.0174201895 0.0211728428 0.0188682968 0.0106548898 0.0029876211 0.0095505079 0.0272942146 0.0385918370 0.0430282245 0.0473286943 0.0460231665 0.0442197009 0.0412177431 0.0377127647 0.0354513686 0.0326068858 0.0278554633 0.0188520810 0.0184336371 0.0306190877 0.0410592170 0.0463587088 0.0482930673 0.0494499477 0.0465603397 0.0356567247
0.0118402651 0.0106194607 0.0113875385 0.0134333368 0.0145104795 0.0158871445 0.0179382545 0.0175288723 0.0144929078 0.0112425059 0.0076034130 0.0046199822 0.0029405597 0.0028012160 0.0026003404 0.0031980407 0.0006351201 0.0114182844 0.0146201255 0.0121197460 0.0101442348 0.0115407283 0.0129875396 0.0116068598 0.0104949474 0.0138623080 0.0189890970 0.0193520643 0.0152394918 0.0068731322 0.0045750336 0.0137329820 0.0339122387 0.0448859577 0.0450720923 0.0442418340 0.0359245212 0.0222053792 0.0127419559 0.0153928480 0.0201099854 0.0247989824 0.0298601403 0.0357886011 0.0452854595 0.0521223089 0.0545207009 0.0541521966 0.0524078860 0.0534428435 0.0534014805 0.0420543312
0.0112754434 0.0087635538 0.0085613967 0.0092812710 0.0080217623 0.0075734921 0.0098295847 0.0106211933 0.0073283269 0.0057937648 0.0054591782 0.0033801700 0.0022165027 0.0040790873 0.0040407667 0.0035717614 0.0003650036 0.0121556069 0.0144875135 0.0117637051 0.0093382170 0.0100759795 0.0109399499 0.0111149477 0.0124059446 0.0148571318 0.0164939939 0.0141105433 0.0090662751 0.0017226533 0.0071970998 0.0188555858 0.0392729508 0.0479188799 0.0441776320 0.0392600096 0.0228094300 0.0161764627 0.0319502313 0.0432953485 0.0496663654 0.0526446912 0.0546731538 0.0563404525 0.0577820842 0.0572177389 0.0547687131 0.0490695059 0.0438157650 0.0478763473 0.0511925775 0.0415188808
0.0103330638 0.0067130702 0.0054135250 0.0057718171 0.0033521442 0.0022550631 0.0058672367 0.0075157052 0.0038219808 0.0033741957 0.0046630330 0.0030303571 0.0016581628 0.0047143829 0.0046977681 0.0040183209 0.0002070595 0.0122114165 0.0132161609 0.0109478005 0.0092476433 0.0100593393 0.0113826006 0.0120995795 0.0132666421 0.0130739623 0.0115876490 0.0080322630 0.0035446739 0.0035144284 0.0118291215 0.0247518058 0.0423797117 0.0470542882 0.0402707920 0.0310203172 0.0155772433 0.0321423818 0.0445484642 0.0524013977 0.0575687560 0.0592483056 0.0597403133 0.0594637269 0.0571185905 0.0517908479 0.0438822486 0.0351252701 0.0356460172 0.0435118824 0.0445748011 0.0376042118
0.0091865421 0.0050849619 0.0034117501 0.0050172834 0.0021137367 0.0004282576 0.0057325485 0.0074651634 0.0033986386 0.0030999149 0.0050793543 0.0039105418 0.0027063575 0.0054100669 0.0045543561 0.0048699183 0.0004113031 0.0113012733 0.0114688419 0.0104579688 0.0102319176 0.0112021263 0.0124699202 0.0126120456 0.0126952546 0.0114032065 0.0088244617 0.0051356811 0.0013824061 0.0068510481 0.0166040799 0.0292010660 0.0424715073 0.0427333723 0.0336163821 0.0202144821 0.0231192748 0.0411028808 0.0465152602 0.0484501976 0.0512873664 0.0534404229 0.0531107165 0.0499910309 0.0443456163 0.0371615792 0.0306601861 0.0315648132 0.0389529447 0.0417122725 0.0409379438 0.0417678492
0.0085459808 0.0048087268 0.0038045617 0.0056373007 0.0027398615 0.0008550674 0.0056418983 0.0077644874 0.0031531669 0.0034684765 0.0058895953 0.0046718314 0.0036016062 0.0052642539 0.0035313486 0.0058590257 0.0016068325 0.0096257155 0.0097245855 0.0088840719 0.0079772650 0.0084666237 0.0091238260 0.0083797413 0.0078555414 0.0070163833 0.0053907476 0.0031540590 0.0030069704 0.0110795769 0.0214605905 0.0315280113 0.0402576837 0.0368978501 0.0242228128 0.0159203645 0.0319975822 0.0420265295 0.0401331350 0.0336141294 0.0312400607 0.0327919429 0.0325705404 0.0292009530 0.0249480155 0.0227777741 0.0249779453 0.0327737879 0.0392264835 0.0428700815 0.0472433779 0.0513060896
0.0085398251 0.0053404151 0.0043838876 0.0055806853 0.0021575273 0.0008024022 0.0054835797 0.0080852662 0.0036193365 0.0042930374 0.0065099055 0.0052997198 0.0035309411 0.0038778301 0.0026362423 0.0060920284 0.0026430783 0.0080504794 0.0084832948 0.0068936568 0.0037310847 0.0029487703 0.0035770904 0.0020552721 0.0008061909 0.0007683647 0.0008407721 0.0023679595 0.0066964596 0.0159249857 0.0255798326 0.0322011712 0.0364392863 0.0293276319 0.0149526184 0.0226699409 0.0351153337 0.0378589660 0.0309615376 0.0193587907 0.0132030820 0.0141189760 0.0154138779 0.0144365777 0.0142931283 0.0169941349 0.0218565234 0.0288021534 0.0346595242 0.0403516030 0.0451789524 0.0470211053
0.0087232925 0.0057567280 0.0042625260 0.0049814351 0.0019114890 0.0014916608 0.0056428012 0.0082070563 0.0042880611 0.0049575564 0.0070223608 0.0056488866 0.0033964153 0.0036815646 0.0033348555 0.0060928734 0.0042003913 0.0090016439 0.0110643923 0.0091537374 0.0065642975 0.0055404512 0.0044621647 0.0033940275 0.0034754707 0.0034731691 0.0030640526 0.0040664221 0.0096877986 0.0194430430 0.0271950382 0.0304856261 0.0309134372 0.0190854737 0.0162322318 0.0287020089 0.0336729507 0.0317800566 0.0222807577 0.0108941315 0.0063496660 0.0080736063 0.0103546744 0.0108265591 0.0122354732 0.0150850940 0.0179458103 0.0220286885 0.0263683566 0.0296706006 0.0314294639 0.0309782166
0.0082138903 0.0052045586 0.0035977844 0.0045823084 0.0026446259 0.0025153782 0.0054277987 0.0079412772 0.0044059817 0.0053942986 0.0076329539 0.0058458488 0.0040531014 0.0052495419 0.0052651030 0.0070138892 0.0057086178 0.0108281194 0.0132543230 0.0103547892 0.0078099213 0.0066585979 0.0052727227 0.0037510980 0.0030063926 0.0024778953 0.0027715403 0.0045895861 0.0113761111 0.0206878932 0.0256151971 0.0264012394 0.0250087746 0.0138088135 0.0232045417 0.0292775499 0.0288856026 0.0233229188 0.0135795526 0.0056804051 0.0044642736 0.0068851160 0.0093506477 0.0103139824 0.0115394389 0.0133939015 0.0145106964 0.0159355541 0.0178853474 0.0187697255 0.0194115877 0.0198868235
0.0064070415 0.0035448829 0.0024512108 0.0042598205 0.0025795672 0.0021124477 0.0046653618 0.0075563215 0.0044967346 0.0057054248 0.0081759338 0.0062111650 0.0045447963 0.0060343493 0.0056042239 0.0072586257 0.0066613974 0.0131586402 0.0152432361 0.0118015047 0.0090732373 0.0077000872 0.0063422569 0.0048815990 0.0033616879 0.0029052822 0.0033948860 0.0057570916 0.0126163471 0.0200120823 0.0221946444 0.0218947606 0.0205023819 0.0159371356 0.0248097336 0.0243418870 0.0200595052 0.0126242601 0.0049772254 0.0013370823 0.0017638994 0.0050346184 0.0081626996 0.0096749565 0.0108466410 0.0114562286 0.0116981481 0.0116014310 0.0121375596 0.0132325989 0.0151156338 0.0170671114
0.0052893851 0.0026347255 0.0020106539 0.0042306245 0.0022985574 0.0008381789 0.0042690309 0.0073864140 0.0049798176 0.0061259471 0.0086778548 0.0068996546 0.0051444194 0.0063505931 0.0055567644 0.0068299258 0.0069998897 0.0144939108 0.0152198339 0.0111834927 0.0081454031 0.0069936580 0.0057031841 0.0041676317 0.0027904665 0.0023565750 0.0027551299 0.0055264659 0.0119286961 0.0172315541 0.0181091653 0.0179750269 0.0172477486 0.0162076696 0.0222067028 0.0180814617 0.0122442342 0.0056737203 0.0010256776 0.0009270586 0.0005472282 0.0038569837 0.0076012418 0.0095896318 0.0111163491 0.0112445887 0.0109110688 0.0104830206 0.0106184780 0.0116846305 0.0137195892 0.0159309918
0.0052345188 0.0027828433 0.0019210875 0.0042245221 0.0024515626 0.0007842562 0.0047052482 0.0075738674 0.0056786899 0.0065994873 0.0089542705 0.0071200357 0.0047214393 0.0059222612 0.0056495886 0.0054557530 0.0072558868 0.0147686040 0.0144555211 0.0101310485 0.0067733363 0.0064021025 0.0058613509 0.0043443734 0.0023292544 0.0019410889 0.0027356405 0.0056040336 0.0100354313 0.0140763524 0.0151267365 0.0154259572 0.0160589682 0.0145538070 0.0170549658 0.0113906431 0.0068404909 0.0031501281 0.0023802455 0.0025121094 0.0029546266 0.0038857876 0.0071648561 0.0092667438 0.0107324861 0.0111461437 0.0102837486 0.0094137741 0.0097993334 0.0106006720 0.0120558457 0.0135973364
0.0057455394 0.0040959052 0.0029378921 0.0044877529 0.0030643295 0.0022411918 0.0058684147 0.0084078235 0.0062174309 0.0067255898 0.0091798868 0.0069016917 0.0034387280 0.0054975590 0.0065018636 0.0033833314 0.0069849843 0.0144971681 0.0131397819 0.0078260899 0.0041940678 0.0052204120 0.0055704566 0.0048610110 0.0027113726 0.0023551906 0.0030504352 0.0054934315 0.0078110466 0.0105006119 0.0115579081 0.0124017634 0.0136679151 0.0102008322 0.0104844358 0.0061285046 0.0039321066 0.0025455502 0.0029913007 0.0042049009 0.0046576938 0.0044231679 0.0063734259 0.0083376027 0.0097340377 0.0105226182 0.0095598298 0.0081094909 0.0083246834 0.0087432876 0.0098383469 0.0109542650
0.0054050964 0.0044010941 0.0033921272 0.0043343242 0.0022491797 0.0012321044 0.0062603183 0.0095665616 0.0071238634 0.0073695779 0.0102217248 0.0075809795 0.0037175291 0.0058566602 0.0082125641 0.0049491228 0.0075531382 0.0134053971 0.0106814911 0.0050273848 0.0019748310 0.0044793780 0.0046087955 0.0042849727 0.0024270085 0.0014953692 0.0024248039 0.0046185036 0.0062039690 0.0072995383 0.0083189876 0.0095776268 0.0108010414 0.0067486697 0.0062082554 0.0046990205 0.0045890310 0.0047512980 0.0054334388 0.0068630817 0.0074394413 0.0068319750 0.0075697442 0.0087129146 0.0097141490 0.0099404252 0.0087803901 0.0074076774 0.0076374712 0.0077686374 0.0087202346 0.0100357418
0.0056324238 0.0055398873 0.0060173275 0.0065962295 0.0051813354 0.0047793852 0.0076514068 0.0109986277 0.0088766234 0.0087212116 0.0113226884 0.0089578845 0.0063583980 0.0090975204 0.0116298398 0.0084193520 0.0076411709 0.0110611870 0.0082407765 0.0030152439 0.0029588250 0.0049012460 0.0038964104 0.0035083847 0.0022227675 0.0009511014 0.0023692702 0.0039943636 0.0047950629 0.0054016631 0.0062598293 0.0074109544 0.0095041737 0.0063029728 0.0060628899 0.0060355213 0.0068818785 0.0078049205 0.0081027887 0.0084630822 0.0080920298 0.0077260819 0.0095743149 0.0103763297 0.0100236744 0.0095323802 0.0081719897 0.0071396888 0.0075594144 0.0075105149 0.0083760342 0.0100779141
0.0081006358 0.0086216956 0.0083597731 0.0074387174 0.0060773555 0.0060257862 0.0086514945 0.0112831374 0.0085730543 0.0078910489 0.0105069466 0.0090204971 0.0070249712 0.0111471842 0.0130378228 0.0079444062 0.0041636639 0.0079063768 0.0066554767 0.0031766376 0.0038048949 0.0048939017 0.0040465296 0.0038449446 0.0024079304 0.0014311108 0.0031603093 0.0038438430 0.0027173699 0.0033122154 0.0038041379 0.0045477400 0.0079672337 0.0043324598 0.0045574911 0.0048097478 0.0064997697 0.0077547152 0.0064455939 0.0057769608 0.0049095835 0.0052075635 0.0096192961 0.0116901741 0.0103667617 0.0086636695 0.0068983530 0.0057667790 0.0063617098 0.0061077523 0.0058902073 0.0070140396
0.0058742573 0.0056092618 0.0040736161 0.0034617955 0.0025780602 0.0025813620 0.0067937461 0.0094813248 0.0060071756 0.0055890311 0.0097461356 0.0097966497 0.0075025601 0.0106538831 0.0108737868 0.0052848275 0.0036694512 0.0055273402 0.0054162327 0.0031826622 0.0035758635 0.0048678774 0.0046991446 0.0037417680 0.0014604343 0.0022907282 0.0036722834 0.0035231643 0.0016554826 0.0024190307 0.0032774754 0.0034873122 0.0074492507 0.0045887282 0.0041049826 0.0038857529 0.0059437513 0.0068684979 0.0041910066 0.0026926971 0.0009217595 0.0032526557 0.0087108965 0.0116156769 0.0107796477 0.0084539358 0.0060972408 0.0044291339 0.0053207245 0.0060799007 0.0054817902 0.0052278293
0.0058612555 0.0041548205 0.0031143399 0.0034399954 0.0022900680 0.0024075400 0.0069585514 0.0091788606 0.0048158361 0.0037642359 0.0093387670 0.0110268753 0.0089487361 0.0116730755 0.0109096347 0.0043102071 0.0057980057 0.0036216665 0.0043539301 0.0016066465 0.0035780264 0.0056223453 0.0052207901 0.0033918997 0.0021537797 0.0034260851 0.0037512730 0.0035707263 0.0020309923 0.0022334129 0.0035555537 0.0044089716 0.0076488520 0.0058683170 0.0042517083 0.0034723800 0.0053220222 0.0059847383 0.0038611708 0.0022780622 0.0009644947 0.0042346250 0.0083334791 0.0103462440 0.0099872495 0.0088964822 0.0068760198 0.0045578092 0.0046630629 0.0057338996 0.0056303514 0.0053618665
0.0057532342 0.0037371708 0.0032570652 0.0041695208 0.0033390370 0.0033202567 0.0075966632 0.0096637752 0.0050596391 0.0039662631 0.0087305206 0.0113949450 0.0099996974 0.0130228439 0.0126036662 0.0051936528 0.0082962404 0.0022655461 0.0042055587 0.0018058203 0.0045294951 0.0057065756 0.0040657613 0.0023367836 0.0023631103 0.0042525349 0.0047921638 0.0041115970 0.0023966490 0.0027183874 0.0037078729 0.0044910069 0.0075793678 0.0052822772 0.0017066247 0.0009625738 0.0044069037 0.0059803481 0.0053159978 0.0049104962 0.0034219722 0.0050092675 0.0081136759 0.0090693242 0.0081952019 0.0079303811 0.0075201829 0.0055633177 0.0047414601 0.0049284719 0.0043081968 0.0041765384
0.0058914824 0.0045956008 0.0043618064 0.0050695146 0.0044122547 0.0042437802 0.0084047153 0.0103757477 0.0064465010 0.0061004797 0.0090351635 0.0121912842 0.0126294727 0.0158728919 0.0142186192 0.0078034689 0.0117348822 0.0019749573 0.0046135443 0.0025074650 0.0036643303 0.0042758552 0.0028812470 0.0017930629 0.0000837354 0.0029670816 0.0047219574 0.0040877398 0.0010434810 0.0001962990 0.0006525073 0.0016568570 0.0075240919 0.0054621039 0.0019695390 0.0037886081 0.0062108040 0.0085857262 0.0085072377 0.0077782661 0.0064351463 0.0064222427 0.0083875897 0.0087209081 0.0072110438 0.0070388686 0.0076462661 0.0068642212 0.0063441622 0.0054042929 0.0040660512 0.0041116491
