examples/project/rasters/slopes.asc
ncols	161
nrows	160
xllcorner	472594.4082732276
yllcorner	4607149.9041403374
cellsize	10.0000000000
NODATA_value	-9999.0000000000
[rows 23 to 45 of 160, columns 52 to 103 of 161]
0.0536287386 0.0345028232 0.0192903004 0.0182166795 0.0193744104 0.0121253015 0.0116028266 0.0206694513 0.0231476205 0.0166388859 0.0159994895 0.0218963963 0.0183431583 0.0146072087 0.0141524287 0.0148178680 0.0152587789 0.0155236337 0.0159085565 0.0149043098 0.0129933177 0.0150049243 0.0279651296 0.0425455636 0.0457606602 0.0355603877 0.0202067240 0.0204974356 0.0524840334 0.0419879909 0.0368730750 0.0397039470 0.0284517879 0.0213801689 0.0187543324 0.0149143765 0.0116809544 0.0087771970 0.0126442476 0.0170038522 0.0214833111 0.0230839743 0.0203778208 0.0165547899 0.0123617552 0.0093291008 0.0082944610 0.0057903667 0.0039771933 0.0072237406 0.0107275990 0.0122937613
0.0529019529 0.0367166550 0.0232628988 0.0233047841 0.0258103212 0.0167228492 0.0146429844 0.0239316118 0.0226010905 0.0144642985 0.0175255123 0.0220105920 0.0170237996 0.0131161395 0.0134979447 0.0143870068 0.0142397691 0.0149069876 0.0171998887 0.0170787526 0.0151171473 0.0166850340 0.0326356243 0.0456163057 0.0443603774 0.0332047669 0.0165171028 0.0313543458 0.0605592008 0.0458559556 0.0431337703 0.0424653181 0.0277677787 0.0187711297 0.0143244795 0.0094862933 0.0082367699 0.0101719052 0.0152214238 0.0179356637 0.0210352757 0.0212553396 0.0176141015 0.0135679741 0.0103914845 0.0085271695 0.0068336188 0.0037764809 0.0023008680 0.0071720879 0.0118937511 0.0136316532
0.0517836238 0.0366615762 0.0259915117 0.0270367017 0.0313276718 0.0213874484 0.0181569275 0.0270605573 0.0221278568 0.0129557075 0.0178012210 0.0207922402 0.0149488615 0.0117432569 0.0136437158 0.0150131834 0.0154715564 0.0176765630 0.0218520201 0.0216982967 0.0201013058 0.0211444024 0.0381194176 0.0469727696 0.0419952171 0.0316458437 0.0124467216 0.0436994073 0.0693688785 0.0520605954 0.0479705378 0.0418485413 0.0234917012 0.0132494402 0.0072462990 0.0047989845 0.0094696739 0.0136348861 0.0171710358 0.0177547924 0.0190125138 0.0179089865 0.0139095438 0.0099001899 0.0077595740 0.0068077983 0.0045106156 0.0029238755 0.0026322557 0.0072844852 0.0121737227 0.0135234949
0.0538291934 0.0372373847 0.0271536156 0.0289063031 0.0355603466 0.0260204116 0.0225779315 0.0288652547 0.0200798550 0.0124374512 0.0192366102 0.0189277807 0.0118416038 0.0111271890 0.0158079226 0.0188921617 0.0208767269 0.0243316636 0.0283689808 0.0262913563 0.0252473519 0.0267714465 0.0420092704 0.0463608804 0.0422949379 0.0304255269 0.0120487514 0.0566474520 0.0774678300 0.0577239855 0.0481286544 0.0357507808 0.0135566823 0.0033351539 0.0037668215 0.0102366046 0.0143970689 0.0169199459 0.0179404001 0.0163725929 0.0156195981 0.0140253221 0.0103229855 0.0061835519 0.0037425228 0.0039981766 0.0043657131 0.0051681587 0.0044193498 0.0057904170 0.0112982759 0.0128763187
0.0576140252 0.0424316552 0.0293938762 0.0292679041 0.0369210723 0.0288328135 0.0255422620 0.0274736533 0.0153870202 0.0143254363 0.0212654735 0.0167484882 0.0083276614 0.0128159127 0.0210209502 0.0255416624 0.0284889690 0.0313640751 0.0317308197 0.0266019011 0.0263344950 0.0304303234 0.0442318451 0.0475599753 0.0437582754 0.0208326997 0.0256868478 0.0672698452 0.0829835935 0.0598640745 0.0428339840 0.0257295948 0.0018199604 0.0079564744 0.0118211884 0.0156878130 0.0166407337 0.0168517002 0.0160527947 0.0133483451 0.0116127920 0.0102261096 0.0071358033 0.0035876512 0.0023843660 0.0035401868 0.0050707069 0.0052570081 0.0045444547 0.0029849183 0.0094843027 0.0117646565
0.0560311806 0.0497401816 0.0367913628 0.0322065860 0.0360504690 0.0272972833 0.0246877013 0.0230332372 0.0120439873 0.0189421307 0.0222735690 0.0138892731 0.0064165417 0.0177053109 0.0274194732 0.0297354478 0.0315076970 0.0329945698 0.0311112666 0.0271460005 0.0289682112 0.0370527119 0.0499430320 0.0511642463 0.0356035153 0.0100212914 0.0442228503 0.0733636169 0.0844224952 0.0576146174 0.0341253217 0.0153268403 0.0083065246 0.0145171366 0.0156427859 0.0168564229 0.0156055779 0.0149377617 0.0135747984 0.0106478759 0.0076591212 0.0062220136 0.0050243794 0.0034656712 0.0032269502 0.0035886265 0.0032721139 0.0028051738 0.0043318151 0.0003631821 0.0073357749 0.0105469357
0.0465898988 0.0508014028 0.0443720304 0.0397468789 0.0377945707 0.0237228153 0.0208826141 0.0171685514 0.0149803055 0.0240964978 0.0219102520 0.0105036557 0.0079148787 0.0230508297 0.0308333403 0.0283975648 0.0285986843 0.0311509448 0.0323260551 0.0337388698 0.0390875437 0.0480100496 0.0549853890 0.0447648145 0.0141573230 0.0314110798 0.0559508889 0.0770980380 0.0820782588 0.0507242185 0.0234025352 0.0061534216 0.0149970169 0.0180639048 0.0167091363 0.0159793747 0.0140661750 0.0134620090 0.0121892468 0.0088018469 0.0045596088 0.0041564082 0.0049855519 0.0045096013 0.0030160237 0.0020886915 0.0013292812 0.0021268658 0.0056601295 0.0029335018 0.0060946600 0.0094328251
0.0332556671 0.0447295592 0.0450241477 0.0457662108 0.0429933508 0.0247125409 0.0202591714 0.0149097310 0.0217522835 0.0279333432 0.0213549717 0.0077498290 0.0097577853 0.0256505929 0.0314957131 0.0266942438 0.0265532449 0.0299128598 0.0319225093 0.0356018358 0.0427832533 0.0494309899 0.0466314611 0.0219369111 0.0235190879 0.0486816262 0.0627783499 0.0798722459 0.0758981128 0.0386628476 0.0115981451 0.0072100004 0.0187262846 0.0186684985 0.0154361998 0.0138362187 0.0115904616 0.0093031961 0.0066636024 0.0058912642 0.0050433040 0.0057969696 0.0065660302 0.0056026502 0.0037761227 0.0030513762 0.0021312879 0.0034189905 0.0071311056 0.0029808198 0.0051355515 0.0086066401
0.0203967484 0.0372537457 0.0427446507 0.0469280578 0.0445722082 0.0255960144 0.0235705198 0.0202826447 0.0303802175 0.0308950615 0.0225291542 0.0073141240 0.0095908284 0.0247118268 0.0325139556 0.0289993550 0.0260650864 0.0257718820 0.0267142257 0.0311335646 0.0376008079 0.0397668351 0.0245181737 0.0169272030 0.0447820448 0.0593542526 0.0683903421 0.0785521787 0.0648355861 0.0238917380 0.0027918861 0.0108748804 0.0187713212 0.0165245984 0.0123090687 0.0109546733 0.0075932246 0.0042967933 0.0033699368 0.0050018503 0.0059020867 0.0068959363 0.0068695135 0.0056398512 0.0038007301 0.0033032562 0.0026736629 0.0047342075 0.0082408036 0.0028712935 0.0051889290 0.0084083218
0.0131986611 0.0303225865 0.0414757841 0.0481979148 0.0439132738 0.0196228263 0.0204842781 0.0225413343 0.0388324065 0.0357416925 0.0260210449 0.0110965954 0.0071880005 0.0198662014 0.0335095691 0.0369855810 0.0316028110 0.0256546960 0.0272159751 0.0327241749 0.0362691470 0.0257879555 0.0141929432 0.0404391499 0.0578805532 0.0675498824 0.0716043775 0.0721024908 0.0499548455 0.0098781252 0.0075217563 0.0123634838 0.0167817973 0.0134148093 0.0094513352 0.0086254279 0.0047040595 0.0028754123 0.0038299143 0.0047387805 0.0043405784 0.0051903328 0.0052507066 0.0035660850 0.0022102757 0.0025867224 0.0024034641 0.0055578251 0.0086184649 0.0024848015 0.0061066602 0.0088500499
0.0158943460 0.0246232490 0.0407392727 0.0508471515 0.0470747724 0.0162843195 0.0165983637 0.0165905212 0.0424872689 0.0447071755 0.0334187286 0.0196353830 0.0119863021 0.0112310033 0.0276691593 0.0436352926 0.0442384802 0.0342003329 0.0331496937 0.0364333257 0.0280549502 0.0091049343 0.0377361229 0.0557698532 0.0675485242 0.0728929192 0.0691354903 0.0602736558 0.0324643860 0.0025473767 0.0117344689 0.0119886024 0.0140099344 0.0104837125 0.0072380795 0.0074438084 0.0042427416 0.0024743282 0.0019102325 0.0028855772 0.0013785088 0.0037044244 0.0036762713 0.0015599211 0.0011053104 0.0021033754 0.0028587776 0.0059912237 0.0082130606 0.0021770797 0.0078638767 0.0098440248
0.0264762667 0.0201690591 0.0408380436 0.0526743793 0.0530339063 0.0213490656 0.0174818351 0.0143134249 0.0365829896 0.0529288669 0.0452702736 0.0307443566 0.0214915760 0.0120815912 0.0171721815 0.0469695503 0.0583906778 0.0447860731 0.0382248276 0.0333975500 0.0093113482 0.0311337775 0.0532941773 0.0672862378 0.0756438574 0.0723577595 0.0592743173 0.0440066594 0.0158653563 0.0109369020 0.0123972008 0.0096348360 0.0113629780 0.0084225627 0.0059760555 0.0071228930 0.0040624827 0.0014957022 0.0008585436 0.0032326510 0.0008654669 0.0039426495 0.0026390402 0.0002438833 0.0010206980 0.0017469255 0.0033010383 0.0058656020 0.0070361712 0.0025222242 0.0096373501 0.0104483304
0.0392666094 0.0153671857 0.0416925519 0.0534696925 0.0585834564 0.0304417245 0.0152767837 0.0249500011 0.0214042703 0.0496349254 0.0544454548 0.0436774419 0.0302477239 0.0195339438 0.0090318472 0.0492764822 0.0702823119 0.0530213353 0.0389405600 0.0195856757 0.0217442605 0.0472314078 0.0636469520 0.0772988343 0.0779728118 0.0633866117 0.0431676696 0.0276007172 0.0045416042 0.0147825483 0.0105047597 0.0065008458 0.0095477253 0.0077937592 0.0057107681 0.0060733783 0.0035244169 0.0026572166 0.0026630830 0.0039117144 0.0021163863 0.0048565345 0.0022784157 0.0016493590 0.0018842169 0.0026681036 0.0041560034 0.0053143064 0.0052945491 0.0030066958 0.0104279493 0.0094864433
0.0492955863 0.0130906461 0.0423785089 0.0549381780 0.0620163556 0.0401375337 0.0082004035 0.0329572718 0.0160012121 0.0338059318 0.0510089742 0.0507208319 0.0405521100 0.0288065325 0.0092093840 0.0544761333 0.0780116000 0.0578398929 0.0363456245 0.0083254561 0.0392528920 0.0571242924 0.0730423372 0.0818886419 0.0712435781 0.0471057330 0.0254222391 0.0153597789 0.0036318986 0.0150734089 0.0077121917 0.0044542505 0.0085958371 0.0076494604 0.0056892487 0.0048724020 0.0025937342 0.0026213251 0.0027102102 0.0036991806 0.0028632424 0.0055276690 0.0029898068 0.0029733862 0.0037954537 0.0048149324 0.0049721447 0.0043490711 0.0034804263 0.0040083564 0.0104439442 0.0083079826
0.0542185957 0.0167230230 0.0398521825 0.0582585243 0.0653361671 0.0499321379 0.0022889599 0.0348991396 0.0294852183 0.0180135229 0.0383041070 0.0460528832 0.0467253444 0.0386683217 0.0153620821 0.0642753740 0.0802529064 0.0586679256 0.0302791432 0.0169219683 0.0503390694 0.0648873721 0.0795771307 0.0812288935 0.0603156255 0.0316157934 0.0128845813 0.0089473286 0.0033700011 0.0135790013 0.0060307735 0.0034708173 0.0075266407 0.0070111668 0.0058018379 0.0048136646 0.0022646737 0.0023130922 0.0025567543 0.0039618066 0.0036386451 0.0062389498 0.0048587058 0.0053509605 0.0066268242 0.0071764274 0.0060212341 0.0036738270 0.0011335486 0.0051899762 0.0096067420 0.0073319944
0.0548374133 0.0246150880 0.0317583434 0.0596725089 0.0680479562 0.0597005670 0.0149606355 0.0338872018 0.0405740747 0.0171259408 0.0286044149 0.0409843710 0.0476055312 0.0397359755 0.0230607504 0.0727509335 0.0767803730 0.0564723359 0.0212771541 0.0306455258 0.0564481853 0.0716093389 0.0835250609 0.0777755185 0.0501360047 0.0206064399 0.0058844497 0.0058137357 0.0033373345 0.0125764238 0.0051204752 0.0026877391 0.0067311747 0.0062733758 0.0056827895 0.0056159689 0.0042681894 0.0046196892 0.0054118742 0.0066195957 0.0062697565 0.0079570713 0.0073905367 0.0076081713 0.0084146338 0.0082133345 0.0066856925 0.0042757886 0.0021514707 0.0057351360 0.0076663191 0.0061695628
0.0547224596 0.0339880299 0.0251943841 0.0584340394 0.0679338997 0.0667227520 0.0334408752 0.0354574633 0.0471284925 0.0218434334 0.0263816863 0.0443464571 0.0499242147 0.0310754300 0.0357837444 0.0774435937 0.0714563263 0.0515791697 0.0137011215 0.0422195722 0.0605239944 0.0763736633 0.0849079175 0.0728812379 0.0424622832 0.0152421997 0.0034258944 0.0047933820 0.0053239530 0.0116016091 0.0045860507 0.0024493296 0.0058650984 0.0049364452 0.0040057598 0.0045807445 0.0048397593 0.0065018778 0.0074632170 0.0074423885 0.0062905578 0.0072927082 0.0065492450 0.0056678825 0.0059866484 0.0045023673 0.0036291480 0.0047252115 0.0046088639 0.0054415937 0.0052404637 0.0049822661
0.0633383323 0.0430156417 0.0281285188 0.0561039404 0.0642766005 0.0666902539 0.0489048087 0.0445915633 0.0490855366 0.0218427091 0.0306690934 0.0510027124 0.0503644417 0.0168600335 0.0499622058 0.0778401020 0.0659119189 0.0421358530 0.0115455249 0.0476094580 0.0643841808 0.0797270669 0.0845095010 0.0687508041 0.0376925965 0.0130988455 0.0047849944 0.0058960873 0.0058537439 0.0112886593 0.0070778049 0.0067349281 0.0074025933 0.0057161322 0.0035742864 0.0014999745 0.0027415660 0.0047322759 0.0038542813 0.0019674670 0.0008666161 0.0033202829 0.0024476369 0.0012789586 0.0035660735 0.0045578230 0.0075678545 0.0084263817 0.0073375326 0.0066101837 0.0055250403 0.0052521581
0.0602433227 0.0307848358 0.0254081091 0.0475727057 0.0487674243 0.0484153269 0.0480356327 0.0491522691 0.0445980351 0.0191470117 0.0407750812 0.0566889664 0.0453592559 0.0122263699 0.0633707978 0.0762636045 0.0617278540 0.0302006103 0.0217624703 0.0492607628 0.0670454386 0.0802892975 0.0824335197 0.0665061686 0.0342559865 0.0116494570 0.0066862409 0.0063187045 0.0046995903 0.0121765717 0.0090444000 0.0082728956 0.0083383002 0.0066075026 0.0046900833 0.0031640170 0.0046753273 0.0036807512 0.0006285830 0.0018640492 0.0033924851 0.0045430569 0.0039284242 0.0034227521 0.0048368137 0.0070496025 0.0092965546 0.0083604918 0.0064257391 0.0060508629 0.0062952058 0.0072466250
0.0457267688 0.0130278824 0.0344648025 0.0448356761 0.0394103002 0.0338447513 0.0416084278 0.0429140600 0.0200195648 0.0188321039 0.0451192350 0.0572572661 0.0325248476 0.0381095036 0.0757228184 0.0743302405 0.0561463119 0.0161838936 0.0344035417 0.0505799525 0.0676603295 0.0783202830 0.0802877420 0.0641917425 0.0310387773 0.0094156559 0.0044737829 0.0058722088 0.0028155866 0.0127013054 0.0088982505 0.0052970195 0.0047169890 0.0031453890 0.0022168859 0.0026315589 0.0057728743 0.0042713056 0.0006035166 0.0020000071 0.0029241563 0.0035829590 0.0027544082 0.0015135368 0.0023299095 0.0044780268 0.0058104522 0.0041014098 0.0027248882 0.0036708579 0.0045643864 0.0053217556
0.0467203146 0.0174581914 0.0394790199 0.0508113803 0.0495555160 0.0416177378 0.0382449466 0.0302969315 0.0307773209 0.0358094541 0.0411017366 0.0374034899 0.0453162703 0.0753777557 0.0784485977 0.0691471905 0.0416890619 0.0143310895 0.0443390454 0.0509735514 0.0643738446 0.0776715584 0.0794361765 0.0605318517 0.0284140159 0.0079265818 0.0033010590 0.0060667760 0.0025049910 0.0125933701 0.0093624680 0.0031488088 0.0019132742 0.0012326251 0.0016007037 0.0024324225 0.0058019599 0.0053748739 0.0017226722 0.0025714325 0.0038873346 0.0044183106 0.0034118595 0.0013429152 0.0023253382 0.0046168696 0.0052213626 0.0034392228 0.0021064478 0.0026198248 0.0043247121 0.0061503233
0.0505839576 0.0240166108 0.0360883306 0.0457443522 0.0488125613 0.0458165615 0.0318507147 0.0288512239 0.0451081877 0.0388802103 0.0247404231 0.0340109892 0.0746975414 0.0893198872 0.0796959292 0.0515544761 0.0010558658 0.0315847622 0.0419530429 0.0521999967 0.0648763246 0.0800325639 0.0768686785 0.0553935376 0.0256028761 0.0066036725 0.0030425303 0.0060088094 0.0032440291 0.0123806200 0.0092222648 0.0023235711 0.0014378298 0.0013330430 0.0024627665 0.0030858395 0.0062426417 0.0069045839 0.0018318389 0.0016040010 0.0034364061 0.0040605764 0.0040858613 0.0030135492 0.0041884970 0.0065942693 0.0076873870 0.0067977162 0.0057271463 0.0047952790 0.0052768041 0.0065671039
0.0553051042 0.0247837521 0.0296888625 0.0345099622 0.0307804695 0.0260281996 0.0299265517 0.0378676347 0.0361987571 0.0343028369 0.0436243920 0.0672272131 0.0793511617 0.0749937006 0.0545931235 0.0219654894 0.0373081841 0.0427415796 0.0544713243 0.0806629854 0.0832697900 0.0777598686 0.0705290702 0.0475388846 0.0205191747 0.0050126087 0.0042076528 0.0066980572 0.0041005253 0.0121603704 0.0084720850 0.0019956693 0.0015466328 0.0020106745 0.0026066229 0.0040439489 0.0071236622 0.0086413264 0.0042933115 0.0031548526 0.0027212975 0.0029780311 0.0046051281 0.0053781856 0.0067956551 0.0098718096 0.0110797323 0.0097443218 0.0096019901 0.0100029442 0.0101695176 0.0086295186
