examples/project/rasters/slopes.asc
ncols	161
nrows	160
xllcorner	472594.4082732276
yllcorner	4607149.9041403374
cellsize	10.0000000000
NODATA_value	-9999.0000000000
[rows 115 to 137 of 160, columns 0 to 51 of 161]
0.0710728320 0.0764314758 0.0755451100 0.0743701978 0.0774036444 0.0867573245 0.0980381965 0.1058736318 0.0931406560 0.0685305012 0.0507892226 0.0318417029 0.0119399762 0.0253878710 0.0372323668 0.0489214628 0.0689929435 0.0816312541 0.0793496220 0.0731048948 0.0720175919 0.0732313342 0.0655845254 0.0558290794 0.0520854804 0.0460390522 0.0389300643 0.0311109782 0.0271517462 0.0337149457 0.0423428450 0.0447742669 0.0452273567 0.0463482503 0.0476284608 0.0506524761 0.0545199737 0.0547173921 0.0569055241 0.0580636801 0.0362725385 0.0192124170 0.0214742141 0.0156673184 0.0105392393 0.0125548146 0.0146037945 0.0124378316 0.0109791112 0.0131671471 0.0106555265 0.0073203944
0.0782971085 0.0767817974 0.0742353517 0.0736232822 0.0708439490 0.0759672432 0.0934938253 0.1067598680 0.0916908074 0.0642042482 0.0467946589 0.0322371614 0.0134257429 0.0272678641 0.0416050315 0.0572880852 0.0807565386 0.0894087069 0.0782754424 0.0651479535 0.0611590662 0.0612949638 0.0513960590 0.0416408123 0.0408631797 0.0393055218 0.0412490788 0.0443811631 0.0479080818 0.0531309951 0.0576112088 0.0566885332 0.0535538823 0.0514425024 0.0497975914 0.0489477223 0.0504122349 0.0513863686 0.0561689180 0.0623244000 0.0428163263 0.0213983452 0.0210217375 0.0165050615 0.0117729385 0.0117516625 0.0125916439 0.0114423473 0.0106578114 0.0130589420 0.0105207858 0.0068186366
0.0895108369 0.0765099478 0.0656129078 0.0658263515 0.0658457755 0.0720414052 0.0883236286 0.1017676186 0.0894932695 0.0619387709 0.0425866173 0.0325977276 0.0149054514 0.0270992712 0.0447167883 0.0628156955 0.0860751370 0.0926309131 0.0791580933 0.0620814581 0.0553452580 0.0573636242 0.0552394090 0.0532953674 0.0572780086 0.0608732640 0.0628771255 0.0607747698 0.0556913463 0.0540331311 0.0545573621 0.0504193594 0.0447626710 0.0438444284 0.0477993719 0.0500979500 0.0497358767 0.0477886826 0.0509528770 0.0610470296 0.0451888533 0.0211485708 0.0192428873 0.0169757321 0.0130800301 0.0111777392 0.0107860653 0.0102266840 0.0097658279 0.0120149242 0.0100651742 0.0060004540
0.1063420639 0.0805051942 0.0565473732 0.0567342274 0.0624372194 0.0730149306 0.0850909263 0.0925707041 0.0827942491 0.0596246314 0.0391883419 0.0313079706 0.0157736189 0.0243233839 0.0450708744 0.0635219224 0.0845628156 0.0931052528 0.0847653878 0.0697661011 0.0636416599 0.0668481846 0.0685814783 0.0664772252 0.0655288597 0.0639445691 0.0604138431 0.0538872056 0.0442671420 0.0419463959 0.0480780812 0.0509925588 0.0525961358 0.0564134111 0.0614088443 0.0605342374 0.0548555714 0.0487002555 0.0481467005 0.0571348027 0.0425559695 0.0188274529 0.0166571074 0.0164433858 0.0143173831 0.0119753689 0.0107946997 0.0101230007 0.0097652344 0.0112148217 0.0104324312 0.0080463351
0.1196327264 0.0853519123 0.0504905405 0.0523017541 0.0624474305 0.0720358712 0.0777978304 0.0793495707 0.0719133025 0.0558841680 0.0368405524 0.0285550486 0.0164266972 0.0200146758 0.0427434232 0.0613610074 0.0801241070 0.0905053530 0.0882022442 0.0781773737 0.0735602321 0.0752410362 0.0760162034 0.0704370053 0.0625671193 0.0547845546 0.0492021896 0.0502464943 0.0471358095 0.0495181131 0.0606582600 0.0628683225 0.0609689028 0.0592672677 0.0571671802 0.0511966691 0.0434241981 0.0384876007 0.0402597834 0.0510659221 0.0382818279 0.0173465226 0.0158581966 0.0166718453 0.0159648289 0.0140661344 0.0133929957 0.0128669310 0.0128576964 0.0137385117 0.0135076308 0.0132009481
0.1257269925 0.0877566849 0.0476622671 0.0502393530 0.0583114616 0.0618515258 0.0631573209 0.0637829840 0.0620624878 0.0528070842 0.0357046775 0.0263478698 0.0165055085 0.0150927390 0.0355445560 0.0554189285 0.0747072368 0.0855607047 0.0868686445 0.0812196748 0.0766640685 0.0748309043 0.0740999805 0.0679753764 0.0576574458 0.0506172910 0.0519650210 0.0614006770 0.0585405535 0.0575535148 0.0635738168 0.0574682201 0.0510088005 0.0483462049 0.0477897680 0.0473363162 0.0446264016 0.0424185316 0.0439936670 0.0528701491 0.0384531996 0.0164276092 0.0152586013 0.0168800575 0.0169081513 0.0151934006 0.0147030585 0.0146648375 0.0150951572 0.0157491444 0.0148631825 0.0144809969
0.1240525453 0.0885724100 0.0541883390 0.0566443357 0.0573364810 0.0553589020 0.0556676778 0.0576031224 0.0587004612 0.0519538847 0.0372146631 0.0263265028 0.0153678277 0.0119283415 0.0245475747 0.0417925432 0.0628236309 0.0747494415 0.0784387016 0.0762401779 0.0720396741 0.0661052013 0.0633538587 0.0612499130 0.0551168004 0.0560624169 0.0627873721 0.0678030098 0.0602594895 0.0543486679 0.0567261085 0.0508568012 0.0492074036 0.0521909804 0.0546303813 0.0554926688 0.0515914535 0.0471565663 0.0477203794 0.0554554479 0.0393418555 0.0134236625 0.0117617037 0.0156216358 0.0172382078 0.0163803665 0.0153968555 0.0149143197 0.0152434601 0.0159550713 0.0149957149 0.0140846541
0.1145300062 0.0909274216 0.0711485294 0.0742081281 0.0719847429 0.0695532867 0.0712910950 0.0719891317 0.0668718372 0.0576703107 0.0452748455 0.0294076564 0.0138848605 0.0140940367 0.0185404148 0.0277339483 0.0446042330 0.0562607108 0.0635174270 0.0656921110 0.0646825527 0.0615594533 0.0609047305 0.0610448007 0.0578086322 0.0614200738 0.0661413059 0.0658446286 0.0592179652 0.0555755361 0.0596809941 0.0577638075 0.0555947767 0.0552065275 0.0538742631 0.0560374829 0.0556274116 0.0521689489 0.0507290434 0.0546917685 0.0374242513 0.0105150597 0.0105932571 0.0162421332 0.0203598388 0.0225438218 0.0228828381 0.0218005582 0.0210698017 0.0213379178 0.0211701451 0.0212763186
0.0987932453 0.0924065803 0.0883050198 0.0925205755 0.0890459043 0.0851856857 0.0879542749 0.0906292321 0.0828572619 0.0717089873 0.0600564835 0.0392595044 0.0130841750 0.0195049826 0.0202078243 0.0231710976 0.0314089329 0.0377993156 0.0457674186 0.0527612569 0.0575644382 0.0613061278 0.0645396762 0.0634358874 0.0593319945 0.0616926713 0.0673882785 0.0685268291 0.0651930594 0.0610901587 0.0608277259 0.0559603212 0.0505155851 0.0519906468 0.0552340730 0.0625288946 0.0639501700 0.0579518373 0.0507029316 0.0496162175 0.0307099103 0.0087906486 0.0127879791 0.0170942599 0.0225200746 0.0279545119 0.0303919997 0.0291093245 0.0271250003 0.0264867102 0.0270360205 0.0293796425
0.0845464781 0.0904171772 0.0946623127 0.0995099746 0.0958591586 0.0903783388 0.0928803518 0.0981938426 0.0964300860 0.0906468082 0.0779503172 0.0508488422 0.0142786803 0.0250364537 0.0250595579 0.0230575094 0.0266858192 0.0315002558 0.0404029396 0.0509562660 0.0557192528 0.0582526539 0.0635290178 0.0661835521 0.0626238645 0.0613141342 0.0655971205 0.0659079719 0.0606247234 0.0547755828 0.0549868385 0.0543615555 0.0554595841 0.0626736626 0.0679359134 0.0710881204 0.0670528464 0.0567375742 0.0451064692 0.0416738349 0.0222954712 0.0105758395 0.0146266807 0.0179674820 0.0242743217 0.0311006688 0.0347255704 0.0332006650 0.0294068958 0.0275480540 0.0296785621 0.0354698262
0.0709977159 0.0775645383 0.0832869378 0.0878396204 0.0872464133 0.0854810703 0.0868895454 0.0911908514 0.0981761757 0.1047914542 0.0935132531 0.0595819844 0.0157622576 0.0282304693 0.0295317074 0.0240309435 0.0270529544 0.0340576568 0.0410921653 0.0487677221 0.0535896300 0.0542417806 0.0578096843 0.0625755055 0.0592629908 0.0548061271 0.0581354729 0.0616352508 0.0610552830 0.0623660501 0.0683542718 0.0704603132 0.0715547733 0.0743448694 0.0754753820 0.0720027972 0.0623421350 0.0492284150 0.0361258090 0.0330979306 0.0158473477 0.0151400357 0.0185460377 0.0233953432 0.0314340840 0.0365217604 0.0394856047 0.0379404572 0.0322390668 0.0290158162 0.0340160098 0.0433196602
0.0611476183 0.0629219717 0.0715791090 0.0762616420 0.0790267141 0.0833908972 0.0861092019 0.0912282167 0.1029371218 0.1117314770 0.0982549784 0.0630022592 0.0155994140 0.0278182491 0.0297964074 0.0240578075 0.0288583008 0.0378724604 0.0418816038 0.0463426075 0.0499994541 0.0506539274 0.0557182524 0.0621712524 0.0610236094 0.0606607144 0.0672598566 0.0727024556 0.0755267203 0.0799733505 0.0823394403 0.0800147512 0.0782996252 0.0763106044 0.0736309398 0.0650708687 0.0520722048 0.0383595977 0.0262500491 0.0256801226 0.0122180780 0.0196230836 0.0233208429 0.0303644477 0.0392872360 0.0408675834 0.0424263701 0.0422092110 0.0353019724 0.0316411453 0.0406678198 0.0518817520
0.0684950536 0.0642072455 0.0726664619 0.0779198501 0.0829894699 0.0902759245 0.0961706784 0.1043772983 0.1113785483 0.1084352410 0.0902540740 0.0621048786 0.0169980083 0.0274684728 0.0284347066 0.0234263053 0.0314185877 0.0424005977 0.0469260843 0.0513089943 0.0527928150 0.0557342778 0.0657777528 0.0705621326 0.0687910403 0.0710537714 0.0762668195 0.0789310883 0.0810204387 0.0831458200 0.0811590945 0.0771117022 0.0741310986 0.0688596375 0.0635272907 0.0526373380 0.0395141789 0.0272745851 0.0183594721 0.0211849929 0.0119189247 0.0237682518 0.0285826492 0.0376560382 0.0466945866 0.0453583611 0.0462788108 0.0470108985 0.0366648269 0.0331443986 0.0483646231 0.0593952010
0.0702225764 0.0704298982 0.0765314800 0.0829522115 0.0902216968 0.0975276377 0.1041948393 0.1117679493 0.1098769311 0.0966257049 0.0789061212 0.0604527974 0.0209326189 0.0266012815 0.0290015151 0.0232105873 0.0317795122 0.0441800390 0.0527503790 0.0592138413 0.0589722638 0.0626568233 0.0728672001 0.0730003209 0.0691901495 0.0718583142 0.0742020948 0.0757588988 0.0770760942 0.0763069280 0.0744560963 0.0704343652 0.0649675263 0.0569947554 0.0507573790 0.0407939791 0.0297694047 0.0202271395 0.0149439182 0.0190026970 0.0127346682 0.0268704737 0.0340468824 0.0453775820 0.0531774277 0.0473113220 0.0488481814 0.0515608991 0.0360955097 0.0328355675 0.0544617381 0.0615088641
0.0757405218 0.0746415355 0.0789574370 0.0855170894 0.0937979084 0.0997090034 0.1045085648 0.1102774669 0.1038532674 0.0891037964 0.0742651101 0.0588232993 0.0248601940 0.0227190987 0.0293765215 0.0230077416 0.0310662438 0.0429353901 0.0545898517 0.0643423269 0.0656079765 0.0700399422 0.0788521712 0.0757894124 0.0690461309 0.0701120566 0.0704065289 0.0722747865 0.0728501987 0.0701386809 0.0698886343 0.0666076604 0.0594571851 0.0504199267 0.0442001544 0.0357174446 0.0263404931 0.0179222026 0.0136391700 0.0169232436 0.0121053873 0.0286867134 0.0398593664 0.0530276631 0.0565344539 0.0435451192 0.0490520989 0.0553166607 0.0370469755 0.0359280340 0.0595983186 0.0591856498
0.0768595424 0.0770846424 0.0805617148 0.0852855140 0.0910192648 0.0937619475 0.0971780639 0.1042151998 0.1024678787 0.0942104291 0.0787780301 0.0580687236 0.0278685425 0.0174814184 0.0290099051 0.0231379026 0.0302846729 0.0410563324 0.0541966795 0.0660370052 0.0688299083 0.0748103030 0.0839741253 0.0793118969 0.0698815444 0.0693712705 0.0690274683 0.0710856544 0.0713289598 0.0677100841 0.0675137651 0.0644552070 0.0576011346 0.0492414448 0.0426935425 0.0345071841 0.0253822890 0.0167681872 0.0127480419 0.0156548723 0.0129801654 0.0324157297 0.0479321474 0.0616183549 0.0590178014 0.0395170197 0.0515974136 0.0594686497 0.0418880512 0.0418894438 0.0634079869 0.0559807982
0.0867134342 0.0846007380 0.0830224032 0.0848455495 0.0855277319 0.0826744357 0.0846171476 0.0933679123 0.1018957191 0.1053799693 0.0885900968 0.0604338473 0.0304567485 0.0126927519 0.0271590281 0.0235991306 0.0308972987 0.0418330098 0.0562018610 0.0688704392 0.0715109555 0.0771516166 0.0838002418 0.0768236209 0.0669959886 0.0677720829 0.0691558901 0.0721640714 0.0725939123 0.0683832581 0.0682485486 0.0654191434 0.0594307231 0.0519879285 0.0445182282 0.0347580054 0.0248398134 0.0162150431 0.0125817060 0.0153293887 0.0145393115 0.0371092416 0.0549419397 0.0668844638 0.0603076271 0.0362571613 0.0525580765 0.0616068197 0.0461328918 0.0459334470 0.0648568659 0.0522883574
0.1064452690 0.0973165490 0.0882847011 0.0893312577 0.0864127313 0.0781770962 0.0764802158 0.0824235322 0.0962913639 0.1099064601 0.0953229191 0.0633886541 0.0310927909 0.0096859242 0.0241258443 0.0237886722 0.0336227749 0.0496676697 0.0652843094 0.0746465820 0.0734939549 0.0728020272 0.0743625062 0.0693310775 0.0642511543 0.0690835996 0.0730627152 0.0758598344 0.0759924005 0.0714489210 0.0713397843 0.0684193747 0.0619079534 0.0547066034 0.0468328130 0.0351112965 0.0244441562 0.0167718033 0.0140629865 0.0161646416 0.0160578170 0.0407691455 0.0588701984 0.0688898557 0.0611627564 0.0338619863 0.0498695892 0.0618166095 0.0495672676 0.0505418548 0.0648624722 0.0473916171
0.1340586393 0.1116230978 0.0922375504 0.0942702267 0.0905767119 0.0845856685 0.0853320830 0.0883641091 0.0969746280 0.1077283904 0.0935972962 0.0618367000 0.0297732616 0.0088028360 0.0213421785 0.0236038916 0.0374689090 0.0604141323 0.0729667324 0.0748151914 0.0683060789 0.0609747193 0.0635972249 0.0678052539 0.0691754745 0.0754852655 0.0796185228 0.0791852820 0.0772121091 0.0723295530 0.0720846928 0.0697917127 0.0628951054 0.0542994960 0.0451919314 0.0332503355 0.0238849516 0.0185919378 0.0162214441 0.0175738466 0.0195640557 0.0452407668 0.0630104814 0.0720282630 0.0624055364 0.0338268942 0.0445329171 0.0617571863 0.0569104237 0.0589118785 0.0634123670 0.0411836401
0.1590780859 0.1222422132 0.0899785991 0.0908050216 0.0870018622 0.0858208058 0.0891676585 0.0904742624 0.0936875550 0.0967925551 0.0813257472 0.0552188737 0.0297651349 0.0103269669 0.0202963287 0.0233349792 0.0399589639 0.0669166264 0.0756550134 0.0723543789 0.0641046863 0.0577809685 0.0633043031 0.0697002475 0.0707257342 0.0761668930 0.0819483822 0.0819162159 0.0798338054 0.0764353264 0.0746617735 0.0703764808 0.0627208857 0.0515812505 0.0419038470 0.0329289157 0.0275111958 0.0244881828 0.0202216119 0.0191191768 0.0239497604 0.0508204407 0.0679643835 0.0743581265 0.0608401221 0.0343438317 0.0363579561 0.0553868304 0.0581994362 0.0604471579 0.0558762194 0.0341967934
0.1724113413 0.1284050209 0.0862058163 0.0834315619 0.0791993609 0.0801140645 0.0813203287 0.0800773510 0.0832711386 0.0839200046 0.0674165520 0.0481874985 0.0320813998 0.0124771438 0.0204697336 0.0231899271 0.0383197989 0.0665647254 0.0755442825 0.0720964403 0.0663921691 0.0617517037 0.0645662591 0.0716671308 0.0757995197 0.0782424091 0.0821425881 0.0837501548 0.0827634429 0.0812539691 0.0774752508 0.0711246604 0.0641102266 0.0532751979 0.0462017662 0.0411971642 0.0370193086 0.0325120407 0.0248997568 0.0193058820 0.0273759308 0.0580082814 0.0741383814 0.0748425558 0.0577362627 0.0357880920 0.0317179337 0.0459323824 0.0523318901 0.0523843248 0.0435150213 0.0299781021
0.1640599910 0.1252836489 0.0899662507 0.0879711497 0.0822331243 0.0821106780 0.0805345030 0.0741280313 0.0733112504 0.0714117637 0.0562525651 0.0430221704 0.0327067650 0.0120306471 0.0206802869 0.0222609601 0.0328663762 0.0595982649 0.0709358165 0.0692124891 0.0657270918 0.0616524480 0.0641476193 0.0761708987 0.0819400406 0.0772338284 0.0790624224 0.0838925105 0.0856296848 0.0863084857 0.0834467543 0.0774338000 0.0723209815 0.0640231520 0.0580604561 0.0529833039 0.0462799092 0.0401710871 0.0300984984 0.0189528905 0.0325101781 0.0680336077 0.0801076524 0.0722602265 0.0528990388 0.0344255268 0.0288846149 0.0377277539 0.0447084174 0.0422208452 0.0338093733 0.0292101500
0.1365660976 0.1119832605 0.0929031792 0.0951152130 0.0907714649 0.0911636496 0.0942464885 0.0869623395 0.0773245819 0.0719080365 0.0581719087 0.0437025645 0.0325379147 0.0119733926 0.0221316689 0.0219609579 0.0263196318 0.0460440751 0.0589783757 0.0617868680 0.0610796273 0.0609007767 0.0677094279 0.0781999174 0.0789745641 0.0721629938 0.0744146633 0.0829558505 0.0885931579 0.0918693767 0.0922164235 0.0872813366 0.0832199169 0.0765450385 0.0698361112 0.0631007882 0.0538432133 0.0470420561 0.0348404472 0.0194166874 0.0395133083 0.0766718139 0.0817765301 0.0665185611 0.0470667546 0.0314628241 0.0266953899 0.0306172281 0.0351953532 0.0341220162 0.0300199403 0.0318580564
